   5.000000      0.0000000E+00            NaN
   10.00000      6.0052346E-03  -1.569228    
   15.00000      1.2016711E-02  -1.567736    
   20.00000      1.8020045E-02  -1.566202    
   25.00000      2.4031313E-02  -1.564687    
   30.00000      3.0045919E-02  -1.563117    
   35.00000      3.6060546E-02  -1.561603    
   40.00000      4.2082176E-02  -1.560049    
   45.00000      4.8102651E-02  -1.558647    
   50.00000      5.4144118E-02  -1.556989    
   55.00000      6.0185298E-02  -1.555461    
   60.00000      6.6230968E-02  -1.553916    
   65.00000      7.2292708E-02  -1.552394    
   70.00000      7.8355156E-02  -1.550854    
   75.00000      8.4427215E-02  -1.549321    
   80.00000      9.0516560E-02  -1.547792    
   85.00000      9.6619613E-02  -1.546255    
   90.00000      0.1027223      -1.544711    
   95.00000      0.1088453      -1.543191    
   100.0000      0.1149853      -1.541658    
   105.0000      0.1211366      -1.540115    
   110.0000      0.1273042      -1.538578    
   115.0000      0.1334921      -1.537049    
   120.0000      0.1396894      -1.535519    
   125.0000      0.1459176      -1.533961    
   130.0000      0.1521540      -1.532434    
   135.0000      0.1584103      -1.530926    
   140.0000      0.1646917      -1.529383    
   145.0000      0.1709909      -1.527847    
   150.0000      0.1773182      -1.526316    
   155.0000      0.1836653      -1.524777    
   160.0000      0.1900419      -1.523239    
   165.0000      0.1964432      -1.521709    
   170.0000      0.2028645      -1.520172    
   175.0000      0.2093181      -1.518641    
   180.0000      0.2157976      -1.517107    
   185.0000      0.2223018      -1.515572    
   190.0000      0.2288489      -1.514040    
   195.0000      0.2354214      -1.512498    
   200.0000      0.2420257      -1.510966    
   205.0000      0.2486697      -1.509414    
   210.0000      0.2553356      -1.507903    
   215.0000      0.2620454      -1.506362    
   220.0000      0.2687921      -1.504835    
   225.0000      0.2755800      -1.503301    
   230.0000      0.2823999      -1.501766    
   235.0000      0.2892644      -1.500234    
   240.0000      0.2961716      -1.498702    
   245.0000      0.3031161      -1.497166    
   250.0000      0.3101117      -1.495631    
   255.0000      0.3171482      -1.494097    
   260.0000      0.3242321      -1.492563    
   265.0000      0.3313688      -1.491027    
   270.0000      0.3385476      -1.489497    
   275.0000      0.3457853      -1.487961    
   280.0000      0.3530684      -1.486421    
   285.0000      0.3604001      -1.484868    
   290.0000      0.3678052      -1.483368    
   295.0000      0.3752578      -1.481827    
   300.0000      0.3827699      -1.480289    
   305.0000      0.3903410      -1.478759    
   310.0000      0.3979740      -1.477223    
   315.0000      0.4056683      -1.475690    
   320.0000      0.4134303      -1.474154    
   325.0000      0.4212620      -1.472622    
   330.0000      0.4291593      -1.471087    
   335.0000      0.4371312      -1.469552    
   340.0000      0.4451689      -1.468020    
   345.0000      0.4532882      -1.466486    
   350.0000      0.4614833      -1.464952    
   355.0000      0.4697540      -1.463422    
   360.0000      0.4781066      -1.461878    
   365.0000      0.4865434      -1.460346    
   370.0000      0.4950696      -1.458816    
   375.0000      0.5036802      -1.457286    
   380.0000      0.5123798      -1.455750    
   385.0000      0.5211771      -1.454215    
   390.0000      0.5300662      -1.452683    
   395.0000      0.5390571      -1.451146    
   400.0000      0.5481443      -1.449611    
   405.0000      0.5573373      -1.448079    
   410.0000      0.5666360      -1.446541    
   415.0000      0.5760434      -1.445010    
   420.0000      0.5855670      -1.443477    
   425.0000      0.5952044      -1.441943    
   430.0000      0.6049649      -1.440410    
   435.0000      0.6148443      -1.438876    
   440.0000      0.6248466      -1.437348    
   445.0000      0.6349873      -1.435798    
   450.0000      0.6452596      -1.434283    
   455.0000      0.6556681      -1.432741    
   460.0000      0.6662177      -1.431203    
   465.0000      0.6769150      -1.429669    
   470.0000      0.6877582      -1.428133    
   475.0000      0.6987595      -1.426603    
   480.0000      0.7099230      -1.425070    
   485.0000      0.7212499      -1.423533    
   490.0000      0.7327406      -1.422000    
   495.0000      0.7444143      -1.420468    
   500.0000      0.7562621      -1.418934    
   505.0000      0.7683026      -1.417399    
   510.0000      0.7805272      -1.415866    
   515.0000      0.7929431      -1.414332    
   520.0000      0.8055784      -1.412798    
   525.0000      0.8184159      -1.411260    
   530.0000      0.8314723      -1.409727    
   535.0000      0.8447532      -1.408193    
   540.0000      0.8582674      -1.406662    
   545.0000      0.8720226      -1.405126    
   550.0000      0.8860282      -1.403593    
   555.0000      0.9002909      -1.402058    
   560.0000      0.9148125      -1.400524    
   565.0000      0.9296107      -1.398990    
   570.0000      0.9447011      -1.397457    
   575.0000      0.9600779      -1.395923    
   580.0000      0.9757622      -1.394388    
   585.0000      0.9917626      -1.392854    
   590.0000       1.008092      -1.391320    
   595.0000       1.024763      -1.389786    
   600.0000       1.041779      -1.388253    
   605.0000       1.059173      -1.386707    
   610.0000       1.076939      -1.385187    
   615.0000       1.095104      -1.383653    
   620.0000       1.113680      -1.382116    
   625.0000       1.132688      -1.380583    
   630.0000       1.152133      -1.379048    
   635.0000       1.172038      -1.377515    
   640.0000       1.192433      -1.375980    
   645.0000       1.213318      -1.374447    
   650.0000       1.234743      -1.372914    
   655.0000       1.256708      -1.371379    
   660.0000       1.279247      -1.369845    
   665.0000       1.302371      -1.368311    
   670.0000       1.326125      -1.366777    
   675.0000       1.350528      -1.365243    
   680.0000       1.375608      -1.363709    
   685.0000       1.401411      -1.362177    
   690.0000       1.427945      -1.360641    
   695.0000       1.455271      -1.359106    
   700.0000       1.483419      -1.357573    
   705.0000       1.512429      -1.356039    
   710.0000       1.542343      -1.354504    
   715.0000       1.573214      -1.352971    
   720.0000       1.605086      -1.351437    
   725.0000       1.638015      -1.349903    
   730.0000       1.672064      -1.348369    
   735.0000       1.707285      -1.346835    
   740.0000       1.743757      -1.345302    
   745.0000       1.781538      -1.343767    
   750.0000       1.820716      -1.342232    
   755.0000       1.861367      -1.340699    
   760.0000       1.903585      -1.339166    
   765.0000       1.947476      -1.337635    
   770.0000       1.993124      -1.336098    
   775.0000       2.040671      -1.334564    
   780.0000       2.090224      -1.333029    
   785.0000       2.141922      -1.331496    
   790.0000       2.195927      -1.329962    
   795.0000       2.252386      -1.328428    
   800.0000       2.311493      -1.326893    
   805.0000       2.373439      -1.325359    
   810.0000       2.438438      -1.323826    
   815.0000       2.506741      -1.322292    
   820.0000       2.578603      -1.320757    
   825.0000       2.654335      -1.319224    
   830.0000       2.734250      -1.317689    
   835.0000       2.818727      -1.316155    
   840.0000       2.908187      -1.314621    
   845.0000       3.003057      -1.313087    
   850.0000       3.103927      -1.311553    
   855.0000       3.211339      -1.310019    
   860.0000       3.325990      -1.308485    
   865.0000       3.448638      -1.306952    
   870.0000       3.580184      -1.305418    
   875.0000       3.721648      -1.303884    
   880.0000       3.874202      -1.302350    
   885.0000       4.039240      -1.300816    
   890.0000       4.218384      -1.299282    
   895.0000       4.413538      -1.297748    
   900.0000       4.626995      -1.296214    
   905.0000       4.861470      -1.294680    
   910.0000       5.120268      -1.293146    
   915.0000       5.407429      -1.291612    
   920.0000       5.727925      -1.290078    
   925.0000       6.087983      -1.288544    
   930.0000       6.495406      -1.287010    
   935.0000       6.960340      -1.285476    
   940.0000       7.495932      -1.283942    
   945.0000       8.119708      -1.282408    
   950.0000       8.855490      -1.280874    
   955.0000       9.736574      -1.279340    
   960.0000       10.81086      -1.277806    
   965.0000       12.14994      -1.276272    
   970.0000       13.86571      -1.274738    
   975.0000       16.14350      -1.273204    
   980.0000       19.31408      -1.271670    
   985.0000       24.03104      -1.270136    
   990.0000       31.79203      -1.268602    
   995.0000       46.95037      -1.267068    
   1000.000       89.72285      -1.265534    
   1005.000       1008.002      -1.264000    
   1010.000       109.1414      -1.262466    
   1015.000       51.76136      -1.260932    
   1020.000       33.92089      -1.259398    
   1025.000       25.22280      -1.257864    
   1030.000       20.07237      -1.256330    
   1035.000       16.66639      -1.254796    
   1040.000       14.24665      -1.253262    
   1045.000       12.43875      -1.251728    
   1050.000       11.03648      -1.250194    
   1055.000       9.916967      -1.248660    
   1060.000       9.002397      -1.247126    
   1065.000       8.241117      -1.245592    
   1070.000       7.597476      -1.244058    
   1075.000       7.046097      -1.242525    
   1080.000       6.568388      -1.240991    
   1085.000       6.150449      -1.239459    
   1090.000       5.781731      -1.237922    
   1095.000       5.453895      -1.236389    
   1100.000       5.160503      -1.234855    
   1105.000       4.896361      -1.233321    
   1110.000       4.657252      -1.231787    
   1115.000       4.439758      -1.230252    
   1120.000       4.241044      -1.228718    
   1125.000       4.058755      -1.227185    
   1130.000       3.890908      -1.225651    
   1135.000       3.735828      -1.224117    
   1140.000       3.592096      -1.222583    
   1145.000       3.458484      -1.221049    
   1150.000       3.333949      -1.219515    
   1155.000       3.217573      -1.217981    
   1160.000       3.108570      -1.216447    
   1165.000       3.006237      -1.214908    
   1170.000       2.909968      -1.213379    
   1175.000       2.819235      -1.211844    
   1180.000       2.733549      -1.210311    
   1185.000       2.652495      -1.208777    
   1190.000       2.575688      -1.207243    
   1195.000       2.502804      -1.205709    
   1200.000       2.433526      -1.204175    
   1205.000       2.367588      -1.202641    
   1210.000       2.304748      -1.201107    
   1215.000       2.244778      -1.199573    
   1220.000       2.187484      -1.198039    
   1225.000       2.132676      -1.196505    
   1230.000       2.080186      -1.194971    
   1235.000       2.029865      -1.193437    
   1240.000       1.981570      -1.191903    
   1245.000       1.935189      -1.190373    
   1250.000       1.890571      -1.188834    
   1255.000       1.847644      -1.187301    
   1260.000       1.806295      -1.185767    
   1265.000       1.766426      -1.184233    
   1270.000       1.727960      -1.182699    
   1275.000       1.690814      -1.181166    
   1280.000       1.654918      -1.179631    
   1285.000       1.620195      -1.178097    
   1290.000       1.586604      -1.176563    
   1295.000       1.554063      -1.175029    
   1300.000       1.522532      -1.173496    
   1305.000       1.491954      -1.171961    
   1310.000       1.462285      -1.170428    
   1315.000       1.433471      -1.168893    
   1320.000       1.405485      -1.167356    
   1325.000       1.378281      -1.165823    
   1330.000       1.351806      -1.164291    
   1335.000       1.326059      -1.162758    
   1340.000       1.300981      -1.161222    
   1345.000       1.276551      -1.159690    
   1350.000       1.252738      -1.158155    
   1355.000       1.229520      -1.156621    
   1360.000       1.206862      -1.155088    
   1365.000       1.184751      -1.153553    
   1370.000       1.163153      -1.152019    
   1375.000       1.142053      -1.150486    
   1380.000       1.121429      -1.148952    
   1385.000       1.101263      -1.147417    
   1390.000       1.081534      -1.145884    
   1395.000       1.062225      -1.144348    
   1400.000       1.043324      -1.142819    
   1405.000       1.024817      -1.141273    
   1410.000       1.006662      -1.139746    
   1415.000      0.9888798      -1.138211    
   1420.000      0.9714416      -1.136679    
   1425.000      0.9543384      -1.135146    
   1430.000      0.9375516      -1.133613    
   1435.000      0.9210737      -1.132078    
   1440.000      0.9048929      -1.130544    
   1445.000      0.8889896      -1.129010    
   1450.000      0.8733758      -1.127476    
   1455.000      0.8580233      -1.125942    
   1460.000      0.8429271      -1.124407    
   1465.000      0.8280759      -1.122873    
   1470.000      0.8134617      -1.121339    
   1475.000      0.7990860      -1.119807    
   1480.000      0.7849273      -1.118275    
   1485.000      0.7709753      -1.116729    
   1490.000      0.7572450      -1.115206    
   1495.000      0.7437122      -1.113670    
   1500.000      0.7303688      -1.112136    
   1505.000      0.7172183      -1.110602    
   1510.000      0.7042421      -1.109068    
   1515.000      0.6914466      -1.107533    
   1520.000      0.6788160      -1.106000    
   1525.000      0.6663501      -1.104466    
   1530.000      0.6540429      -1.102933    
   1535.000      0.6418886      -1.101398    
   1540.000      0.6298818      -1.099865    
   1545.000      0.6180227      -1.098331    
   1550.000      0.6062965      -1.096797    
   1555.000      0.5947081      -1.095261    
   1560.000      0.5832439      -1.093724    
   1565.000      0.5719240      -1.092168    
   1570.000      0.5606987      -1.090651    
   1575.000      0.5496035      -1.089126    
   1580.000      0.5386145      -1.087592    
   1585.000      0.5277450      -1.086058    
   1590.000      0.5169750      -1.084525    
   1595.000      0.5063164      -1.082990    
   1600.000      0.4957530      -1.081455    
   1605.000      0.4852837      -1.079923    
   1610.000      0.4749093      -1.078393    
   1615.000      0.4646224      -1.076854    
   1620.000      0.4544248      -1.075319    
   1625.000      0.4443121      -1.073786    
   1630.000      0.4342792      -1.072253    
   1635.000      0.4243246      -1.070716    
   1640.000      0.4144477      -1.069182    
   1645.000      0.4046479      -1.067667    
   1650.000      0.3949093      -1.066123    
   1655.000      0.3852424      -1.064581    
   1660.000      0.3756457      -1.063046    
   1665.000      0.3661138      -1.061516    
   1670.000      0.3566356      -1.059980    
   1675.000      0.3472226      -1.058446    
   1680.000      0.3378617      -1.056913    
   1685.000      0.3285534      -1.055380    
   1690.000      0.3193052      -1.053843    
   1695.000      0.3101032      -1.052312    
   1700.000      0.3009524      -1.050775    
   1705.000      0.2918418      -1.049241    
   1710.000      0.2827847      -1.047708    
   1715.000      0.2737683      -1.046177    
   1720.000      0.2647883      -1.044629    
   1725.000      0.2558734      -1.043117    
   1730.000      0.2469587      -1.041578    
   1735.000      0.2380895      -1.040056    
   1740.000      0.2292617      -1.038516    
   1745.000      0.2204508      -1.036963    
   1750.000      0.2116931      -1.035444    
   1755.000      0.2029541      -1.033903    
   1760.000      0.1942424      -1.032372    
   1765.000      0.1855516      -1.030834    
   1770.000      0.1768997      -1.029301    
   1775.000      0.1682620      -1.027766    
   1780.000      0.1596453      -1.026230    
   1785.000      0.1510519      -1.024694    
   1790.000      0.1424745      -1.023171    
   1795.000      0.1339147      -1.021644    
   1800.000      0.1253682      -1.020098    
   1805.000      0.1168461      -1.018528    
   1810.000      0.1083220      -1.017026    
   1815.000      9.9816777E-02  -1.015500    
   1820.000      9.1318242E-02  -1.013957    
   1825.000      8.2826950E-02  -1.012432    
   1830.000      7.4352071E-02  -1.010893    
   1835.000      6.5881245E-02  -1.009356    
   1840.000      5.7412177E-02  -1.007821    
   1845.000      4.8941489E-02  -1.006289    
   1850.000      4.0484011E-02  -1.004763    
   1855.000      3.2021683E-02  -1.003200    
   1860.000      2.3558630E-02  -1.001660    
   1865.000      1.5091154E-02  -1.000161    
   1870.000      6.6275974E-03 -0.9985473    
   1875.000      1.8410075E-03 -0.9972198    
   1880.000      1.0314332E-02 -0.9953853    
   1885.000      1.8805724E-02 -0.9939013    
   1890.000      2.7288467E-02 -0.9924361    
   1895.000      3.5787925E-02 -0.9909715    
   1900.000      4.4301029E-02 -0.9894055    
   1905.000      5.2823931E-02 -0.9878844    
   1910.000      6.1353635E-02 -0.9863598    
   1915.000      6.9899634E-02 -0.9848151    
   1920.000      7.8467108E-02 -0.9832724    
   1925.000      8.7040834E-02 -0.9817483    
   1930.000      9.5640816E-02 -0.9802048    
   1935.000      0.1042607     -0.9786861    
   1940.000      0.1128932     -0.9771441    
   1945.000      0.1215555     -0.9756137    
   1950.000      0.1302322     -0.9740804    
   1955.000      0.1389347     -0.9725385    
   1960.000      0.1476661     -0.9710095    
   1965.000      0.1564192     -0.9694627    
   1970.000      0.1652046     -0.9679447    
   1975.000      0.1740130     -0.9664128    
   1980.000      0.1828587     -0.9648733    
   1985.000      0.1917231     -0.9633355    
   1990.000      0.2006394     -0.9618048    
   1995.000      0.2095760     -0.9602714    
   2000.000      0.2185538     -0.9587424    
   2005.000      0.2275639     -0.9572025    
   2010.000      0.2366143     -0.9556679    
   2015.000      0.2457092     -0.9541382    
   2020.000      0.2548388     -0.9526046    
   2025.000      0.2640054     -0.9510670    
   2030.000      0.2732285     -0.9495353    
   2035.000      0.2824900     -0.9480028    
   2040.000      0.2917922     -0.9464716    
   2045.000      0.3011674     -0.9449368    
   2050.000      0.3105562     -0.9433954    
   2055.000      0.3200134     -0.9418635    
   2060.000      0.3295230     -0.9403266    
   2065.000      0.3390827     -0.9387935    
   2070.000      0.3486979     -0.9372609    
   2075.000      0.3583722     -0.9357246    
   2080.000      0.3681048     -0.9341963    
   2085.000      0.3778944     -0.9326593    
   2090.000      0.3877487     -0.9311225    
   2095.000      0.3976656     -0.9295927    
   2100.000      0.4076446     -0.9280577    
   2105.000      0.4176939     -0.9265267    
   2110.000      0.4278074     -0.9249920    
   2115.000      0.4379927     -0.9234552    
   2120.000      0.4482498     -0.9219133    
   2125.000      0.4585826     -0.9203709    
   2130.000      0.4689890     -0.9188481    
   2135.000      0.4794749     -0.9173179    
   2140.000      0.4900362     -0.9157805    
   2145.000      0.5006732     -0.9142520    
   2150.000      0.5114066     -0.9127201    
   2155.000      0.5222162     -0.9111825    
   2160.000      0.5331177     -0.9096504    
   2165.000      0.5441117     -0.9081171    
   2170.000      0.5551866     -0.9065809    
   2175.000      0.5663610     -0.9050503    
   2180.000      0.5776282     -0.9035158    
   2185.000      0.5889955     -0.9019811    
   2190.000      0.6004646     -0.9004471    
   2195.000      0.6120332     -0.8989144    
   2200.000      0.6237097     -0.8973799    
   2205.000      0.6354687     -0.8958382    
   2210.000      0.6473812     -0.8943144    
   2215.000      0.6593846     -0.8927771    
   2220.000      0.6715087     -0.8912430    
   2225.000      0.6837469     -0.8897091    
   2230.000      0.6961030     -0.8881740    
   2235.000      0.7085844     -0.8866410    
   2240.000      0.7211955     -0.8851075    
   2245.000      0.7339351     -0.8835729    
   2250.000      0.7468042     -0.8820404    
   2255.000      0.7598085     -0.8805057    
   2260.000      0.7729508     -0.8789700    
   2265.000      0.7862467     -0.8774381    
   2270.000      0.7996687     -0.8759049    
   2275.000      0.8132454     -0.8743696    
   2280.000      0.8269848     -0.8728355    
   2285.000      0.8408822     -0.8713274    
   2290.000      0.8549145     -0.8697644    
   2295.000      0.8691238     -0.8682333    
   2300.000      0.8835040     -0.8667005    
   2305.000      0.8980486     -0.8651649    
   2310.000      0.9127663     -0.8636309    
   2315.000      0.9276713     -0.8620982    
   2320.000      0.9427555     -0.8605636    
   2325.000      0.9580294     -0.8590290    
   2330.000      0.9734963     -0.8574952    
   2335.000      0.9891577     -0.8559613    
   2340.000       1.005027     -0.8544284    
   2345.000       1.021098     -0.8528936    
   2350.000       1.037383     -0.8513585    
   2355.000       1.053887     -0.8498244    
   2360.000       1.070604     -0.8482914    
   2365.000       1.087575     -0.8467445    
   2370.000       1.104751     -0.8452200    
   2375.000       1.122182     -0.8436907    
   2380.000       1.139854     -0.8421565    
   2385.000       1.157781     -0.8406219    
   2390.000       1.175971     -0.8390877    
   2395.000       1.194425     -0.8375540    
   2400.000       1.213150     -0.8360201    
   2405.000       1.232152     -0.8344857    
   2410.000       1.251451     -0.8329508    
   2415.000       1.271038     -0.8314175    
   2420.000       1.290932     -0.8298844    
   2425.000       1.311137     -0.8283494    
   2430.000       1.331657     -0.8268154    
   2435.000       1.352507     -0.8252814    
   2440.000       1.373701     -0.8237474    
   2445.000       1.395230     -0.8222167    
   2450.000       1.417129     -0.8206798    
   2455.000       1.439387     -0.8191466    
   2460.000       1.462027     -0.8176115    
   2465.000       1.485050     -0.8160776    
   2470.000       1.508472     -0.8145434    
   2475.000       1.532307     -0.8130095    
   2480.000       1.556564     -0.8114755    
   2485.000       1.581256     -0.8099418    
   2490.000       1.606400     -0.8084077    
   2495.000       1.631999     -0.8068743    
   2500.000       1.658075     -0.8053399    
   2505.000       1.684644     -0.8038057    
   2510.000       1.711721     -0.8022715    
   2515.000       1.739314     -0.8007383    
   2520.000       1.767449     -0.7992045    
   2525.000       1.796141     -0.7976689    
   2530.000       1.825400     -0.7961364    
   2535.000       1.855249     -0.7946018    
   2540.000       1.885713     -0.7930683    
   2545.000       1.916805     -0.7915338    
   2550.000       1.948557     -0.7899997    
   2555.000       1.980973     -0.7884660    
   2560.000       2.014087     -0.7869319    
   2565.000       2.047922     -0.7853982    
   2570.000       2.082509     -0.7838641    
   2575.000       2.117865     -0.7823303    
   2580.000       2.154021     -0.7807961    
   2585.000       2.191005     -0.7792622    
   2590.000       2.228847     -0.7777284    
   2595.000       2.267585     -0.7761938    
   2600.000       2.307239     -0.7746606    
   2605.000       2.347837     -0.7731290    
   2610.000       2.389467     -0.7715923    
   2615.000       2.432106     -0.7700589    
   2620.000       2.475825     -0.7685243    
   2625.000       2.520666     -0.7669903    
   2630.000       2.566659     -0.7654566    
   2635.000       2.613862     -0.7639225    
   2640.000       2.662329     -0.7623886    
   2645.000       2.712089     -0.7608544    
   2650.000       2.763243     -0.7593206    
   2655.000       2.815811     -0.7577864    
   2660.000       2.869868     -0.7562531    
   2665.000       2.925475     -0.7547188    
   2670.000       2.982704     -0.7531847    
   2675.000       3.041628     -0.7516508    
   2680.000       3.102329     -0.7501162    
   2685.000       3.164901     -0.7485848    
   2690.000       3.229398     -0.7470489    
   2695.000       3.295944     -0.7455147    
   2700.000       3.364631     -0.7439805    
   2705.000       3.435568     -0.7424467    
   2710.000       3.508864     -0.7409125    
   2715.000       3.584649     -0.7393787    
   2720.000       3.663039     -0.7378446    
   2725.000       3.744188     -0.7363108    
   2730.000       3.828241     -0.7347772    
   2735.000       3.915364     -0.7332432    
   2740.000       4.005716     -0.7317086    
   2745.000       4.099500     -0.7301746    
   2750.000       4.196901     -0.7286409    
   2755.000       4.298146     -0.7271070    
   2760.000       4.403461     -0.7255732    
   2765.000       4.513113     -0.7240388    
   2770.000       4.627361     -0.7225050    
   2775.000       4.746514     -0.7209710    
   2780.000       4.870897     -0.7194368    
   2785.000       5.000861     -0.7179031    
   2790.000       5.136796     -0.7163690    
   2795.000       5.279127     -0.7148350    
   2800.000       5.428307     -0.7133008    
   2805.000       5.584858     -0.7117671    
   2810.000       5.749348     -0.7102330    
   2815.000       5.922390     -0.7086992    
   2820.000       6.104673     -0.7071651    
   2825.000       6.296969     -0.7056311    
   2830.000       6.500115     -0.7040971    
   2835.000       6.715073     -0.7025631    
   2840.000       6.942909     -0.7010294    
   2845.000       7.184807     -0.6994957    
   2850.000       7.442138     -0.6979613    
   2855.000       7.716409     -0.6964272    
   2860.000       8.009367     -0.6948931    
   2865.000       8.322986     -0.6933593    
   2870.000       8.659547     -0.6918253    
   2875.000       9.021665     -0.6902913    
   2880.000       9.412364     -0.6887572    
   2885.000       9.835184     -0.6872234    
   2890.000       10.29426     -0.6856894    
   2895.000       10.79447     -0.6841555    
   2900.000       11.34162     -0.6826215    
   2905.000       11.94263     -0.6810875    
   2910.000       12.60589     -0.6795535    
   2915.000       13.34161     -0.6780193    
   2920.000       14.16236     -0.6764856    
   2925.000       15.08380     -0.6749506    
   2930.000       16.12566     -0.6734175    
   2935.000       17.31325     -0.6718837    
   2940.000       18.67945     -0.6703496    
   2945.000       20.26782     -0.6688157    
   2950.000       22.13743     -0.6672816    
   2955.000       24.37021     -0.6657477    
   2960.000       27.08342     -0.6642137    
   2965.000       30.45084     -0.6626797    
   2970.000       34.74162     -0.6611457    
   2975.000       40.39588     -0.6596118    
   2980.000       48.18644     -0.6580777    
   2985.000       59.60615     -0.6565437    
   2990.000       77.96109     -0.6550099    
   2995.000       112.3245     -0.6534759    
   3000.000       199.8356     -0.6519418    
   3005.000       884.4615     -0.6504079    
   3010.000       367.9250     -0.6488738    
   3015.000       152.8611     -0.6473399    
   3020.000       96.69807     -0.6458059    
   3025.000       70.83686     -0.6442719    
   3030.000       55.96415     -0.6427380    
   3035.000       46.30352     -0.6412039    
   3040.000       39.52361     -0.6396699    
   3045.000       34.50304     -0.6381360    
   3050.000       30.63564     -0.6366021    
   3055.000       27.56500     -0.6350681    
   3060.000       25.06789     -0.6335341    
   3065.000       22.99734     -0.6320001    
   3070.000       21.25263     -0.6304661    
   3075.000       19.76245     -0.6289321    
   3080.000       18.47488     -0.6273983    
   3085.000       17.35122     -0.6258638    
   3090.000       16.36207     -0.6243302    
   3095.000       15.48458     -0.6227962    
   3100.000       14.70090     -0.6212622    
   3105.000       13.99672     -0.6197282    
   3110.000       13.36052     -0.6181943    
   3115.000       12.78292     -0.6166603    
   3120.000       12.25618     -0.6151263    
   3125.000       11.77385     -0.6135923    
   3130.000       11.33055     -0.6120584    
   3135.000       10.92172     -0.6105244    
   3140.000       10.54350     -0.6089904    
   3145.000       10.19256     -0.6074564    
   3150.000       9.866049     -0.6059223    
   3155.000       9.561518     -0.6043884    
   3160.000       9.276801     -0.6028545    
   3165.000       9.010049     -0.6013190    
   3170.000       8.759575     -0.5997862    
   3175.000       8.523958     -0.5982525    
   3180.000       8.301914     -0.5967184    
   3185.000       8.092293     -0.5951846    
   3190.000       7.894094     -0.5936505    
   3195.000       7.706394     -0.5921165    
   3200.000       7.528387     -0.5905825    
   3205.000       7.359330     -0.5890486    
   3210.000       7.198588     -0.5875146    
   3215.000       7.045541     -0.5859808    
   3220.000       6.899657     -0.5844467    
   3225.000       6.760444     -0.5829126    
   3230.000       6.627451     -0.5813788    
   3235.000       6.500278     -0.5798449    
   3240.000       6.378542     -0.5783107    
   3245.000       6.261903     -0.5767770    
   3250.000       6.150057     -0.5752423    
   3255.000       6.042701     -0.5737088    
   3260.000       5.939585     -0.5721748    
   3265.000       5.840446     -0.5706408    
   3270.000       5.745073     -0.5691071    
   3275.000       5.653249     -0.5675729    
   3280.000       5.564779     -0.5660390    
   3285.000       5.479476     -0.5645049    
   3290.000       5.397196     -0.5629711    
   3295.000       5.317751     -0.5614370    
   3300.000       5.241021     -0.5599029    
   3305.000       5.166856     -0.5583689    
   3310.000       5.095137     -0.5568350    
   3315.000       5.025738     -0.5553012    
   3320.000       4.958554     -0.5537670    
   3325.000       4.893493     -0.5522338    
   3330.000       4.830423     -0.5506995    
   3335.000       4.769279     -0.5491644    
   3340.000       4.709968     -0.5476309    
   3345.000       4.652412     -0.5460971    
   3350.000       4.596527     -0.5445631    
   3355.000       4.542253     -0.5430292    
   3360.000       4.489511     -0.5414953    
   3365.000       4.438242     -0.5399612    
   3370.000       4.388384     -0.5384276    
   3375.000       4.339883     -0.5368932    
   3380.000       4.292677     -0.5353593    
   3385.000       4.246722     -0.5338252    
   3390.000       4.201970     -0.5322914    
   3395.000       4.158369     -0.5307577    
   3400.000       4.115878     -0.5292237    
   3405.000       4.074450     -0.5276892    
   3410.000       4.034063     -0.5261559    
   3415.000       3.994653     -0.5246214    
   3420.000       3.956209     -0.5230872    
   3425.000       3.918681     -0.5215535    
   3430.000       3.882047     -0.5200195    
   3435.000       3.846265     -0.5184855    
   3440.000       3.811311     -0.5169514    
   3445.000       3.777155     -0.5154176    
   3450.000       3.743779     -0.5138839    
   3455.000       3.711143     -0.5123496    
   3460.000       3.679236     -0.5108156    
   3465.000       3.648020     -0.5092817    
   3470.000       3.617487     -0.5077478    
   3475.000       3.587610     -0.5062136    
   3480.000       3.558363     -0.5046798    
   3485.000       3.529719     -0.5031465    
   3490.000       3.501693     -0.5016115    
   3495.000       3.474237     -0.5000778    
   3500.000       3.447335     -0.4985438    
   3505.000       3.420980     -0.4970098    
   3510.000       3.395154     -0.4954757    
   3515.000       3.369838     -0.4939415    
   3520.000       3.345017     -0.4924078    
   3525.000       3.320680     -0.4908739    
   3530.000       3.296812     -0.4893399    
   3535.000       3.273399     -0.4878059    
   3540.000       3.250428     -0.4862713    
   3545.000       3.227886     -0.4847379    
   3550.000       3.205770     -0.4832041    
   3555.000       3.184054     -0.4816703    
   3560.000       3.162740     -0.4801371    
   3565.000       3.141792     -0.4785969    
   3570.000       3.121253     -0.4770676    
   3575.000       3.101067     -0.4755344    
   3580.000       3.081229     -0.4740002    
   3585.000       3.061751     -0.4724660    
   3590.000       3.042599     -0.4709321    
   3595.000       3.023785     -0.4693980    
   3600.000       3.005287     -0.4678644    
   3605.000       2.987096     -0.4663300    
   3610.000       2.969233     -0.4647964    
   3615.000       2.951651     -0.4632621    
   3620.000       2.934367     -0.4617282    
   3625.000       2.917368     -0.4601946    
   3630.000       2.900641     -0.4586598    
   3635.000       2.884188     -0.4571256    
   3640.000       2.867997     -0.4555919    
   3645.000       2.852053     -0.4540612    
   3650.000       2.836390     -0.4525212    
   3655.000       2.820964     -0.4509902    
   3660.000       2.805773     -0.4494565    
   3665.000       2.790821     -0.4479226    
   3670.000       2.776097     -0.4463890    
   3675.000       2.761600     -0.4448542    
   3680.000       2.747324     -0.4433206    
   3685.000       2.733256     -0.4417865    
   3690.000       2.719411     -0.4402524    
   3695.000       2.705764     -0.4387187    
   3700.000       2.692322     -0.4371848    
   3705.000       2.679072     -0.4356503    
   3710.000       2.666031     -0.4341164    
   3715.000       2.653169     -0.4325819    
   3720.000       2.640494     -0.4310487    
   3725.000       2.628004     -0.4295143    
   3730.000       2.615686     -0.4279801    
   3735.000       2.603542     -0.4264466    
   3740.000       2.591573     -0.4249128    
   3745.000       2.579768     -0.4233785    
   3750.000       2.568135     -0.4218445    
   3755.000       2.556663     -0.4203104    
   3760.000       2.545342     -0.4187765    
   3765.000       2.534182     -0.4172428    
   3770.000       2.523170     -0.4157089    
   3775.000       2.512308     -0.4141749    
   3780.000       2.501591     -0.4126407    
   3785.000       2.491016     -0.4111067    
   3790.000       2.480590     -0.4095723    
   3795.000       2.470297     -0.4080398    
   3800.000       2.460138     -0.4065055    
   3805.000       2.450098     -0.4049689    
   3810.000       2.440221     -0.4034377    
   3815.000       2.430454     -0.4019029    
   3820.000       2.420813     -0.4003691    
   3825.000       2.411302     -0.3988349    
   3830.000       2.401906     -0.3973011    
   3835.000       2.392632     -0.3957671    
   3840.000       2.383474     -0.3942329    
   3845.000       2.374429     -0.3926991    
   3850.000       2.365506     -0.3911650    
   3855.000       2.356688     -0.3896309    
   3860.000       2.347982     -0.3880976    
   3865.000       2.339380     -0.3865633    
   3870.000       2.330887     -0.3850294    
   3875.000       2.322502     -0.3834948    
   3880.000       2.314213     -0.3819615    
   3885.000       2.306011     -0.3804225    
   3890.000       2.297937     -0.3788929    
   3895.000       2.289946     -0.3773595    
   3900.000       2.282053     -0.3758253    
   3905.000       2.274254     -0.3742913    
   3910.000       2.266546     -0.3727574    
   3915.000       2.258932     -0.3712234    
   3920.000       2.251403     -0.3696896    
   3925.000       2.243960     -0.3681553    
   3930.000       2.236615     -0.3666210    
   3935.000       2.229351     -0.3650878    
   3940.000       2.222169     -0.3635536    
   3945.000       2.215068     -0.3620193    
   3950.000       2.208055     -0.3604858    
   3955.000       2.201123     -0.3589517    
   3960.000       2.194272     -0.3574170    
   3965.000       2.187516     -0.3558809    
   3970.000       2.180794     -0.3543469    
   3975.000       2.174167     -0.3528158    
   3980.000       2.167615     -0.3512811    
   3985.000       2.161147     -0.3497476    
   3990.000       2.154737     -0.3482137    
   3995.000       2.148407     -0.3466797    
   4000.000       2.142147     -0.3451453    
   4005.000       2.135954     -0.3436117    
   4010.000       2.129834     -0.3420773    
   4015.000       2.123782     -0.3405434    
   4020.000       2.117785     -0.3390095    
   4025.000       2.111868     -0.3374758    
   4030.000       2.106011     -0.3359413    
   4035.000       2.100214     -0.3344089    
   4040.000       2.094480     -0.3328741    
   4045.000       2.088809     -0.3313420    
   4050.000       2.083205     -0.3298071    
   4055.000       2.077662     -0.3282722    
   4060.000       2.072172     -0.3267383    
   4065.000       2.066744     -0.3252040    
   4070.000       2.061376     -0.3236704    
   4075.000       2.056066     -0.3221356    
   4080.000       2.050807     -0.3206018    
   4085.000       2.045611     -0.3190680    
   4090.000       2.040463     -0.3175344    
   4095.000       2.035370     -0.3160003    
   4100.000       2.030336     -0.3144667    
   4105.000       2.025347     -0.3129319    
   4110.000       2.020422     -0.3113988    
   4115.000       2.015549     -0.3098632    
   4120.000       2.010715     -0.3083300    
   4125.000       2.005961     -0.3068001    
   4130.000       2.001212     -0.3052633    
   4135.000       1.996534     -0.3037279    
   4140.000       1.991905     -0.3021941    
   4145.000       1.987319     -0.3006606    
   4150.000       1.982791     -0.2991265    
   4155.000       1.978304     -0.2975923    
   4160.000       1.973866     -0.2960580    
   4165.000       1.969468     -0.2945244    
   4170.000       1.965117     -0.2929903    
   4175.000       1.960817     -0.2914565    
   4180.000       1.956553     -0.2899224    
   4185.000       1.952333     -0.2883886    
   4190.000       1.948166     -0.2868540    
   4195.000       1.944036     -0.2853202    
   4200.000       1.939947     -0.2837845    
   4205.000       1.935920     -0.2822447    
   4210.000       1.931895     -0.2807190    
   4215.000       1.927934     -0.2791846    
   4220.000       1.924011     -0.2776503    
   4225.000       1.920124     -0.2761163    
   4230.000       1.916279     -0.2745822    
   4235.000       1.912483     -0.2730489    
   4240.000       1.908708     -0.2715151    
   4245.000       1.904985     -0.2699807    
   4250.000       1.901292     -0.2684470    
   4255.000       1.897642     -0.2669125    
   4260.000       1.894022     -0.2653785    
   4265.000       1.890441     -0.2638453    
   4270.000       1.886902     -0.2623098    
   4275.000       1.883397     -0.2607751    
   4280.000       1.879924     -0.2592405    
   4285.000       1.876498     -0.2577171    
   4290.000       1.873076     -0.2561750    
   4295.000       1.869722     -0.2546403    
   4300.000       1.866389     -0.2531042    
   4305.000       1.863089     -0.2515739    
   4310.000       1.859830     -0.2500387    
   4315.000       1.856595     -0.2485047    
   4320.000       1.853392     -0.2469711    
   4325.000       1.850223     -0.2454371    
   4330.000       1.847094     -0.2439036    
   4335.000       1.843992     -0.2423694    
   4340.000       1.840921     -0.2408350    
   4345.000       1.837883     -0.2393016    
   4350.000       1.834872     -0.2377672    
   4355.000       1.831895     -0.2362319    
   4360.000       1.828947     -0.2346992    
   4365.000       1.826024     -0.2331654    
   4370.000       1.823142     -0.2316303    
   4375.000       1.820283     -0.2300976    
   4380.000       1.817455     -0.2285636    
   4385.000       1.814662     -0.2270290    
   4390.000       1.811884     -0.2254951    
   4395.000       1.809142     -0.2239607    
   4400.000       1.806428     -0.2224269    
   4405.000       1.803745     -0.2208931    
   4410.000       1.801080     -0.2193591    
   4415.000       1.798450     -0.2178253    
   4420.000       1.795847     -0.2162911    
   4425.000       1.793274     -0.2147576    
   4430.000       1.790722     -0.2132232    
   4435.000       1.788200     -0.2116890    
   4440.000       1.785700     -0.2101560    
   4445.000       1.783222     -0.2086241    
   4450.000       1.780788     -0.2070899    
   4455.000       1.778370     -0.2055536    
   4460.000       1.775975     -0.2040197    
   4465.000       1.773608     -0.2024854    
   4470.000       1.771266     -0.2009509    
   4475.000       1.768946     -0.1994173    
   4480.000       1.766654     -0.1978825    
   4485.000       1.764397     -0.1963495    
   4490.000       1.762142     -0.1948144    
   4495.000       1.759924     -0.1932820    
   4500.000       1.757728     -0.1917477    
   4505.000       1.755561     -0.1902134    
   4510.000       1.753404     -0.1886802    
   4515.000       1.751273     -0.1871454    
   4520.000       1.749178     -0.1856105    
   4525.000       1.747103     -0.1840691    
   4530.000       1.745043     -0.1825439    
   4535.000       1.743009     -0.1810098    
   4540.000       1.740999     -0.1794754    
   4545.000       1.739009     -0.1779420    
   4550.000       1.737044     -0.1764079    
   4555.000       1.735103     -0.1748733    
   4560.000       1.733184     -0.1733401    
   4565.000       1.731285     -0.1718059    
   4570.000       1.729402     -0.1702723    
   4575.000       1.727546     -0.1687377    
   4580.000       1.725711     -0.1672040    
   4585.000       1.723897     -0.1656701    
   4590.000       1.722104     -0.1641358    
   4595.000       1.720335     -0.1626019    
   4600.000       1.718579     -0.1610676    
   4605.000       1.716863     -0.1595333    
   4610.000       1.715140     -0.1580008    
   4615.000       1.713456     -0.1564656    
   4620.000       1.711783     -0.1549310    
   4625.000       1.710138     -0.1533983    
   4630.000       1.708505     -0.1518634    
   4635.000       1.706895     -0.1503297    
   4640.000       1.705306     -0.1487965    
   4645.000       1.703731     -0.1472624    
   4650.000       1.702184     -0.1457286    
   4655.000       1.700651     -0.1441938    
   4660.000       1.699144     -0.1426605    
   4665.000       1.697652     -0.1411267    
   4670.000       1.696179     -0.1395922    
   4675.000       1.694733     -0.1380565    
   4680.000       1.693293     -0.1365210    
   4685.000       1.691870     -0.1349903    
   4690.000       1.690474     -0.1334548    
   4695.000       1.689096     -0.1319217    
   4700.000       1.687740     -0.1303873    
   4705.000       1.686392     -0.1288541    
   4710.000       1.685076     -0.1273201    
   4715.000       1.683766     -0.1257863    
   4720.000       1.682485     -0.1242534    
   4725.000       1.681209     -0.1227181    
   4730.000       1.679964     -0.1211847    
   4735.000       1.678727     -0.1196503    
   4740.000       1.677513     -0.1181159    
   4745.000       1.676311     -0.1165822    
   4750.000       1.675136     -0.1150484    
   4755.000       1.673971     -0.1135137    
   4760.000       1.672829     -0.1119820    
   4765.000       1.671696     -0.1104443    
   4770.000       1.670592     -0.1089124    
   4775.000       1.669502     -0.1073792    
   4780.000       1.668420     -0.1058447    
   4785.000       1.667360     -0.1043106    
   4790.000       1.666319     -0.1027775    
   4795.000       1.665291     -0.1012431    
   4800.000       1.664287     -9.9709079E-02
   4805.000       1.663301     -9.8174885E-02
   4810.000       1.662321     -9.6640348E-02
   4815.000       1.661363     -9.5106646E-02
   4820.000       1.660422     -9.3573160E-02
   4825.000       1.659492     -9.2038758E-02
   4830.000       1.658586     -9.0504728E-02
   4835.000       1.657693     -8.8971063E-02
   4840.000       1.656820     -8.7436646E-02
   4845.000       1.655953     -8.5898027E-02
   4850.000       1.655116     -8.4367119E-02
   4855.000       1.654289     -8.2835011E-02
   4860.000       1.653478     -8.1300549E-02
   4865.000       1.652683     -7.9767130E-02
   4870.000       1.651904     -7.8232929E-02
   4875.000       1.651140     -7.6698825E-02
   4880.000       1.650394     -7.5165391E-02
   4885.000       1.649659     -7.3630996E-02
   4890.000       1.648948     -7.2097130E-02
   4895.000       1.648246     -7.0563324E-02
   4900.000       1.647563     -6.9028534E-02
   4905.000       1.646899     -6.7495480E-02
   4910.000       1.646241     -6.5961413E-02
   4915.000       1.645605     -6.4426579E-02
   4920.000       1.644987     -6.2894262E-02
   4925.000       1.644377     -6.1358240E-02
   4930.000       1.643789     -5.9824873E-02
   4935.000       1.643215     -5.8289774E-02
   4940.000       1.642652     -5.6758035E-02
   4945.000       1.642108     -5.5223297E-02
   4950.000       1.641579     -5.3689800E-02
   4955.000       1.641066     -5.2155316E-02
   4960.000       1.640567     -5.0621588E-02
   4965.000       1.640092     -4.9087465E-02
   4970.000       1.639616     -4.7553100E-02
   4975.000       1.639160     -4.6019189E-02
   4980.000       1.638724     -4.4485696E-02
   4985.000       1.638297     -4.2951442E-02
   4990.000       1.637896     -4.1417800E-02
   4995.000       1.637505     -3.9883867E-02
   5000.000       1.637126     -3.8350482E-02
   5005.000       1.636752     -3.6814462E-02
   5010.000       1.636415     -3.5282213E-02
   5015.000       1.636084     -3.3747315E-02
   5020.000       1.635764     -3.2214545E-02
   5025.000       1.635462     -3.0679379E-02
   5030.000       1.635174     -2.9145392E-02
   5035.000       1.634899     -2.7611423E-02
   5040.000       1.634642     -2.6076935E-02
   5045.000       1.634395     -2.4543582E-02
   5050.000       1.634168     -2.3009868E-02
   5055.000       1.633953     -2.1476094E-02
   5060.000       1.633756     -1.9941429E-02
   5065.000       1.633567     -1.8407663E-02
   5070.000       1.633404     -1.6874051E-02
   5075.000       1.633243     -1.5338390E-02
   5080.000       1.633107     -1.3806202E-02
   5085.000       1.632998     -1.2270994E-02
   5090.000       1.632875     -1.0739247E-02
   5095.000       1.632778     -9.2041101E-03
   5100.000       1.632697     -7.6695480E-03
   5105.000       1.632633     -6.1359513E-03
   5110.000       1.632575     -4.6019414E-03
   5115.000       1.632542     -3.0678210E-03
   5120.000       1.632519     -1.5338579E-03
   5125.000       1.632508      0.0000000E+00
