  0.0000000E+00 -1.1920929E-07
  9.7703960E-05   1.539589    
  1.9540792E-04  0.4261014    
  2.9311187E-04  0.2759516    
  3.9081584E-04   1.517077    
  4.8851978E-04  0.2867820    
  5.8622373E-04  -1.514161    
  6.8392768E-04 -0.5954054    
  7.8163168E-04 -0.1528633    
  8.7933562E-04  -1.450054    
  9.7703957E-04 -0.5631737    
  1.0747436E-03   1.439475    
  1.1724475E-03  0.7748607    
  1.2701515E-03  6.3273042E-02
  1.3678554E-03   1.343890    
  1.4655594E-03  0.8192542    
  1.5632634E-03  -1.316400    
  1.6609672E-03 -0.9547933    
  1.7586712E-03 -1.1844322E-02
  1.8563751E-03  -1.205631    
  1.9540791E-03  -1.046019    
  2.0517830E-03   1.147965    
  2.1494871E-03   1.125316    
  2.2471910E-03  1.2456477E-03
  2.3448949E-03   1.043662    
  2.4425990E-03   1.235785    
  2.5403029E-03 -0.9392302    
  2.6380068E-03  -1.276799    
  2.7357107E-03 -3.2026917E-02
  2.8334148E-03 -0.8673041    
  2.9311187E-03  -1.382533    
  3.0288226E-03  0.6970687    
  3.1265267E-03   1.400326    
  3.2242306E-03  0.1025918    
  3.3219345E-03  0.6863721    
  3.4196386E-03   1.482174    
  3.5173425E-03 -0.4298567    
  3.6150464E-03  -1.488119    
  3.7127503E-03 -0.2092735    
  3.8104544E-03 -0.5107067    
  3.9081583E-03  -1.532728    
  4.0058624E-03  0.1471008    
  4.1035661E-03   1.533916    
  4.2012702E-03  0.3465081    
  4.2989743E-03  0.3497097    
  4.3966779E-03   1.534398    
  4.4943821E-03  0.1409902    
  4.5920862E-03  -1.533268    
  4.6897898E-03 -0.5070965    
  4.7874940E-03 -0.2118981    
  4.8851981E-03  -1.489550    
  4.9829017E-03 -0.4239674    
  5.0806059E-03   1.483764    
  5.1783095E-03  0.6825453    
  5.2760136E-03  0.1045020    
  5.3737178E-03   1.402591    
  5.4714214E-03  0.6916123    
  5.5691255E-03  -1.385154    
  5.6668296E-03 -0.8634671    
  5.7645333E-03 -3.3123523E-02
  5.8622374E-03  -1.279748    
  5.9599415E-03 -0.9343991    
  6.0576452E-03   1.239373    
  6.1553493E-03   1.040025    
  6.2530534E-03  1.4718175E-03
  6.3507571E-03   1.128771    
  6.4484612E-03   1.143922    
  6.5461653E-03  -1.050466    
  6.6438690E-03  -1.202400    
  6.7415731E-03 -1.1187814E-02
  6.8392772E-03 -0.9585543    
  6.9369809E-03  -1.313274    
  7.0346850E-03  0.8244138    
  7.1323887E-03   1.341255    
  7.2300928E-03  6.1768457E-02
  7.3277969E-03  0.7787189    
  7.4255005E-03   1.437353    
  7.5232047E-03 -0.5688673    
  7.6209088E-03  -1.448181    
  7.7186124E-03 -0.1505886    
  7.8163166E-03 -0.5991516    
  7.9140207E-03  -1.513085    
  8.0117248E-03  0.2928069    
  8.1094280E-03   1.516099    
  8.2071321E-03  0.2730254    
  8.3048362E-03  0.4295342    
  8.4025403E-03   1.539556    
  8.5002445E-03 -6.1388612E-03
  8.5979486E-03  -1.539600    
  8.6956518E-03 -0.4226771    
  8.7933559E-03 -0.2788903    
  8.8910600E-03  -1.518035    
  8.9887641E-03 -0.2807521    
  9.0864683E-03   1.515214    
  9.1841724E-03  0.5916641    
  9.2818756E-03  0.1551534    
  9.3795797E-03   1.451910    
  9.4772838E-03  0.5574704    
  9.5749879E-03  -1.441575    
  9.6726920E-03 -0.7710028    
  9.7703962E-03 -6.4794928E-02
  9.8680994E-03  -1.346511    
  9.9658035E-03 -0.8140809    
  1.0063508E-02   1.319505    
  1.0161212E-02  0.9510280    
  1.0258916E-02  1.2519166E-02
  1.0356619E-02   1.208852    
  1.0454323E-02   1.041555    
  1.0552027E-02  -1.151989    
  1.0649731E-02  -1.121853    
  1.0747436E-02 -1.0384023E-03
  1.0845140E-02  -1.047292    
  1.0942843E-02  -1.232177    
  1.1040547E-02  0.9440468    
  1.1138251E-02   1.273837    
  1.1235955E-02  3.0948669E-02
  1.1333659E-02  0.8711394    
  1.1431363E-02   1.379890    
  1.1529067E-02 -0.7025139    
  1.1626771E-02  -1.398044    
  1.1724475E-02 -0.1006979    
  1.1822179E-02 -0.6902011    
  1.1919883E-02  -1.480562    
  1.2017586E-02  0.4357390    
  1.2115290E-02   1.486669    
  1.2212995E-02  0.2066628    
  1.2310699E-02  0.5143236    
  1.2408403E-02   1.532166    
  1.2506107E-02 -0.1532094    
  1.2603810E-02  -1.533412    
  1.2701514E-02 -0.3433169    
  1.2799218E-02 -0.3529222    
  1.2896922E-02  -1.534859    
  1.2994627E-02 -0.1348770    
  1.3092331E-02   1.533786    
  1.3190034E-02  0.5034931    
  1.3287738E-02  0.2145366    
  1.3385442E-02   1.490961    
  1.3483146E-02  0.4180708    
  1.3580850E-02  -1.485332    
  1.3678554E-02 -0.6787208    
  1.3776258E-02 -0.1064287    
  1.3873962E-02  -1.404840    
  1.3971666E-02 -0.6861445    
  1.4069370E-02   1.387754    
  1.4167074E-02  0.8596278    
  1.4264777E-02  3.4238398E-02
  1.4362481E-02   1.282685    
  1.4460186E-02  0.9295521    
  1.4557890E-02  -1.242942    
  1.4655594E-02  -1.036382    
  1.4753298E-02 -1.7165244E-03
  1.4851001E-02  -1.132217    
  1.4948705E-02  -1.139861    
  1.5046409E-02   1.054897    
  1.5144113E-02   1.199158    
  1.5241818E-02  1.0550059E-02
  1.5339522E-02  0.9623110    
  1.5437225E-02   1.310127    
  1.5534929E-02 -0.8295602    
  1.5632633E-02  -1.338605    
  1.5730336E-02 -6.0281187E-02
  1.5828041E-02 -0.7825778    
  1.5925745E-02  -1.435209    
  1.6023450E-02  0.5745521    
  1.6121153E-02   1.446290    
  1.6218856E-02  0.1483289    
  1.6316561E-02  0.6029019    
  1.6414264E-02   1.511987    
  1.6511969E-02 -0.2988271    
  1.6609672E-02  -1.515100    
  1.6707378E-02 -0.2701114    
  1.6805081E-02 -0.4329759    
  1.6902784E-02  -1.539500    
  1.7000489E-02  1.2277663E-02
  1.7098192E-02   1.539590    
  1.7195897E-02  0.4192615    
  1.7293600E-02  0.2818411    
  1.7391304E-02   1.518973    
  1.7489009E-02  0.2747173    
  1.7586712E-02  -1.516244    
  1.7684417E-02 -0.5879276    
  1.7782120E-02 -0.1574584    
  1.7879823E-02  -1.453748    
  1.7977528E-02 -0.5517583    
  1.8075231E-02   1.443652    
  1.8172937E-02  0.7671448    
  1.8270640E-02  6.6334486E-02
  1.8368345E-02   1.349117    
  1.8466048E-02  0.8088946    
  1.8563751E-02  -1.322590    
  1.8661456E-02 -0.9472585    
  1.8759159E-02 -1.3212666E-02
  1.8856864E-02  -1.212060    
  1.8954568E-02  -1.037074    
  1.9052271E-02   1.155995    
  1.9149976E-02   1.118382    
  1.9247679E-02  8.5000694E-04
  1.9345384E-02   1.050916    
  1.9443087E-02   1.228550    
  1.9540792E-02 -0.9488479    
  1.9638496E-02  -1.270863    
  1.9736199E-02 -2.9888049E-02
  1.9833904E-02 -0.8749720    
  1.9931607E-02  -1.377226    
  2.0029312E-02  0.7079477    
  2.0127015E-02   1.395747    
  2.0224718E-02  9.8820589E-02
  2.0322423E-02  0.6940331    
  2.0420127E-02   1.478927    
  2.0517832E-02 -0.4416146    
  2.0615535E-02  -1.485200    
  2.0713238E-02 -0.2040660    
  2.0810943E-02 -0.5179471    
  2.0908646E-02  -1.531582    
  2.1006351E-02  0.1593153    
  2.1104055E-02   1.532888    
  2.1201760E-02  0.3401366    
  2.1299463E-02  0.3561449    
  2.1397166E-02   1.535298    
  2.1494871E-02  0.1287613    
  2.1592574E-02  -1.534281    
  2.1690279E-02 -0.4998964    
  2.1787982E-02 -0.2171888    
  2.1885686E-02  -1.492354    
  2.1983391E-02 -0.4121673    
  2.2081094E-02   1.486877    
  2.2178799E-02  0.6748993    
  2.2276502E-02  0.1083716    
  2.2374205E-02   1.407072    
  2.2471910E-02  0.6806652    
  2.2569614E-02  -1.390332    
  2.2667319E-02 -0.8557869    
  2.2765022E-02 -3.5370946E-02
  2.2862727E-02  -1.285608    
  2.2960430E-02 -0.9246903    
  2.3058133E-02   1.246491    
  2.3155838E-02   1.032733    
  2.3253541E-02  1.9800216E-03
  2.3351246E-02   1.135653    
  2.3448950E-02   1.135781    
  2.3546653E-02  -1.059310    
  2.3644358E-02  -1.195906    
  2.3742061E-02 -9.9310949E-03
  2.3839766E-02 -0.9660634    
  2.3937469E-02  -1.306960    
  2.4035173E-02  0.8346932    
  2.4132878E-02   1.335941    
  2.4230581E-02  5.8811456E-02
  2.4328286E-02  0.7864362    
  2.4425989E-02   1.433043    
  2.4523694E-02 -0.5802268    
  2.4621397E-02  -1.444381    
  2.4719100E-02 -0.1460848    
  2.4816805E-02 -0.6066566    
  2.4914509E-02  -1.510867    
  2.5012214E-02  0.3048427    
  2.5109917E-02   1.514081    
  2.5207620E-02  0.2672100    
  2.5305325E-02  0.4364263    
  2.5403028E-02   1.539423    
  2.5500733E-02 -1.8416166E-02
  2.5598437E-02  -1.539559    
  2.5696140E-02 -0.4158548    
  2.5793845E-02 -0.2848041    
  2.5891548E-02  -1.519890    
  2.5989253E-02 -0.2686784    
  2.6086956E-02   1.517253    
  2.6184661E-02  0.5841955    
  2.6282365E-02  0.1597787    
  2.6380068E-02   1.455568    
  2.6477773E-02  0.5460370    
  2.6575476E-02  -1.445708    
  2.6673181E-02 -0.7632873    
  2.6770884E-02 -6.7891121E-02
  2.6868587E-02  -1.351708    
  2.6966292E-02 -0.8036951    
  2.7063996E-02   1.325654    
  2.7161701E-02  0.9434849    
  2.7259404E-02  1.3924658E-02
  2.7357109E-02   1.215259    
  2.7454812E-02   1.032577    
  2.7552515E-02  -1.159983    
  2.7650220E-02  -1.114902    
  2.7747924E-02 -6.8052113E-04
  2.7845629E-02  -1.054533    
  2.7943332E-02  -1.224903    
  2.8041035E-02  0.9536337    
  2.8138740E-02   1.267876    
  2.8236443E-02  2.8845802E-02
  2.8334148E-02  0.8788028    
  2.8431851E-02   1.374541    
  2.8529555E-02 -0.7133698    
  2.8627260E-02  -1.393433    
  2.8724963E-02 -9.6959457E-02
  2.8822668E-02 -0.6978667    
  2.8920371E-02  -1.477271    
  2.9018076E-02  0.4474822    
  2.9115779E-02   1.483712    
  2.9213483E-02  0.2014833    
  2.9311188E-02  0.5215771    
  2.9408891E-02   1.530975    
  2.9506596E-02 -0.1654190    
  2.9604299E-02  -1.532343    
  2.9702002E-02 -0.3369670    
  2.9799707E-02 -0.3593779    
  2.9897410E-02  -1.535717    
  2.9995115E-02 -0.1226436    
  3.0092819E-02   1.534754    
  3.0190522E-02  0.4963068    
  3.0288227E-02  0.2198547    
  3.0385930E-02   1.493727    
  3.0483635E-02  0.4062573    
  3.0581338E-02  -1.488399    
  3.0679043E-02 -0.6710802    
  3.0776747E-02 -0.1103311    
  3.0874450E-02  -1.409288    
  3.0972155E-02 -0.6751753    
  3.1069858E-02   1.392889    
  3.1167563E-02  0.8519440    
  3.1265266E-02  3.6521763E-02
  3.1362969E-02   1.288519    
  3.1460673E-02  0.9198136    
  3.1558380E-02  -1.250020    
  3.1656083E-02  -1.029077    
  3.1753786E-02 -2.2622794E-03
  3.1851489E-02  -1.139081    
  3.1949192E-02  -1.131684    
  3.2046899E-02   1.063706    
  3.2144602E-02   1.192643    
  3.2242306E-02  9.3304515E-03
  3.2340009E-02  0.9698110    
  3.2437712E-02   1.303773    
  3.2535419E-02 -0.8398126    
  3.2633122E-02  -1.333263    
  3.2730825E-02 -5.7359114E-02
  3.2828528E-02 -0.7902949    
  3.2926235E-02  -1.430856    
  3.3023939E-02  0.5858927    
  3.3121642E-02   1.442454    
  3.3219345E-02  0.1438561    
  3.3317048E-02  0.6104159    
  3.3414755E-02   1.509725    
  3.3512458E-02 -0.3108528    
  3.3610161E-02  -1.513043    
  3.3707865E-02 -0.2643211    
  3.3805568E-02 -0.4398852    
  3.3903275E-02  -1.539324    
  3.4000978E-02  2.4554551E-02
  3.4098681E-02   1.539505    
  3.4196384E-02  0.4124569    
  3.4294087E-02  0.2877793    
  3.4391794E-02   1.520788    
  3.4489498E-02  0.2626348    
  3.4587201E-02  -1.518239    
  3.4684904E-02 -0.5804689    
  3.4782607E-02 -0.1621140    
  3.4880314E-02  -1.457370    
  3.4978017E-02 -0.5403068    
  3.5075720E-02   1.447742    
  3.5173424E-02  0.7594304    
  3.5271127E-02  6.9464892E-02
  3.5368834E-02   1.354284    
  3.5466537E-02  0.7984824    
  3.5564240E-02  -1.328697    
  3.5661943E-02 -0.9397076    
  3.5759646E-02 -1.4655009E-02
  3.5857353E-02  -1.218447    
  3.5955057E-02  -1.028063    
  3.6052760E-02   1.163952    
  3.6150463E-02   1.111413    
  3.6248170E-02  5.3009391E-04
  3.6345873E-02   1.058143    
  3.6443576E-02   1.221237    
  3.6541279E-02 -0.9584044    
  3.6638983E-02  -1.264876    
  3.6736690E-02 -2.7821675E-02
  3.6834393E-02 -0.8826309    
  3.6932096E-02  -1.371834    
  3.7029799E-02  0.7187803    
  3.7127502E-02   1.391104    
  3.7225209E-02  9.5115066E-02
  3.7322912E-02  0.7017024    
  3.7420616E-02   1.475592    
  3.7518319E-02 -0.4533432    
  3.7616022E-02  -1.482205    
  3.7713729E-02 -0.1989145    
  3.7811432E-02 -0.5252137    
  3.7909135E-02  -1.530347    
  3.8006838E-02  0.1715196    
  3.8104542E-02   1.531777    
  3.8202249E-02  0.3338082    
  3.8299952E-02  0.3626213    
  3.8397655E-02   1.536114    
  3.8495358E-02  0.1165240    
  3.8593061E-02  -1.535205    
  3.8690768E-02 -0.4927239    
  3.8788471E-02 -0.2225342    
  3.8886175E-02  -1.495081    
  3.8983878E-02 -0.4003406    
  3.9081585E-02   1.489900    
  3.9179288E-02  0.6672639    
  3.9276991E-02  0.1123070    
  3.9374694E-02   1.411488    
  3.9472397E-02  0.6696740    
  3.9570104E-02  -1.395425    
  3.9667808E-02 -0.8480995    
  3.9765511E-02 -3.7690490E-02
  3.9863214E-02  -1.291417    
  3.9960917E-02 -0.9149219    
  4.0058624E-02   1.253529    
  4.0156327E-02   1.025415    
  4.0254030E-02  2.5635511E-03
  4.0351734E-02   1.142500    
  4.0449437E-02   1.127568    
  4.0547144E-02  -1.068086    
  4.0644847E-02  -1.189370    
  4.0742550E-02 -8.7484270E-03
  4.0840253E-02 -0.9735538    
  4.0937956E-02  -1.300565    
  4.1035663E-02  0.8449186    
  4.1133367E-02   1.330570    
  4.1231070E-02  5.5924051E-02
  4.1328773E-02  0.7941532    
  4.1426476E-02   1.428646    
  4.1524183E-02 -0.5915483    
  4.1621886E-02  -1.440510    
  4.1719589E-02 -0.1416428    
  4.1817293E-02 -0.6141795    
  4.1914996E-02  -1.508560    
  4.2012703E-02  0.3168585    
  4.2110406E-02   1.511984    
  4.2208109E-02  0.2614446    
  4.2305812E-02  0.4433520    
  4.2403519E-02   1.539204    
  4.2501222E-02 -3.0692339E-02
  4.2598926E-02  -1.539430    
  4.2696629E-02 -0.4090683    
  4.2794332E-02 -0.2907663    
  4.2892039E-02  -1.521665    
  4.2989742E-02 -0.2565871    
  4.3087445E-02   1.519202    
  4.3185148E-02  0.5767468    
  4.3282852E-02  0.1644646    
  4.3380558E-02   1.459154    
  4.3478262E-02  0.5345678    
  4.3575965E-02  -1.449753    
  4.3673668E-02 -0.7555741    
  4.3771371E-02 -7.1056008E-02
  4.3869078E-02  -1.356846    
  4.3966781E-02 -0.7932566    
  4.4064485E-02   1.331719    
  4.4162188E-02  0.9359260    
  4.4259891E-02  1.5403911E-02
  4.4357598E-02   1.221623    
  4.4455301E-02   1.023532    
  4.4553004E-02  -1.167903    
  4.4650707E-02  -1.107916    
  4.4748411E-02 -3.9812922E-04
  4.4846117E-02  -1.061745    
  4.4943821E-02  -1.217551    
  4.5041524E-02  0.9631592    
  4.5139227E-02   1.261865    
  4.5236930E-02  2.6815824E-02
  4.5334637E-02  0.8864570    
  4.5432340E-02   1.369106    
  4.5530044E-02 -0.7241793    
  4.5627747E-02  -1.388758    
  4.5725454E-02 -9.3287371E-02
  4.5823157E-02 -0.7055404    
  4.5920860E-02  -1.473891    
  4.6018563E-02  0.4591962    
  4.6116266E-02   1.480680    
  4.6213973E-02  0.1963600    
  4.6311677E-02  0.5288566    
  4.6409380E-02   1.529695    
  4.6507083E-02 -0.1776177    
  4.6604786E-02  -1.531189    
  4.6702493E-02 -0.3306602    
  4.6800196E-02 -0.3658751    
  4.6897899E-02  -1.536490    
  4.6995603E-02 -0.1104022    
  4.7093306E-02   1.535634    
  4.7191013E-02  0.4891487    
  4.7288716E-02  0.2252273    
  4.7386419E-02   1.496416    
  4.7484122E-02  0.3944172    
  4.7581825E-02  -1.491378    
  4.7679532E-02 -0.6634505    
  4.7777236E-02 -0.1142985    
  4.7874939E-02  -1.413670    
  4.7972642E-02 -0.6641617    
  4.8070345E-02   1.397938    
  4.8168052E-02  0.8442535    
  4.8265755E-02  3.8876921E-02
  4.8363458E-02   1.294301    
  4.8461162E-02  0.9100155    
  4.8558868E-02  -1.257019    
  4.8656572E-02  -1.021747    
  4.8754275E-02 -2.8838217E-03
  4.8851978E-02  -1.145910    
  4.8949681E-02  -1.123435    
  4.9047388E-02   1.072448    
  4.9145091E-02   1.186087    
  4.9242795E-02  8.1851929E-03
  4.9340498E-02  0.9772918    
  4.9438201E-02   1.297336    
  4.9535908E-02 -0.8500102    
  4.9633611E-02  -1.327863    
  4.9731314E-02 -5.4506704E-02
  4.9829017E-02 -0.7980110    
  4.9926721E-02  -1.426415    
  5.0024427E-02  0.5971949    
  5.0122131E-02   1.438549    
  5.0219834E-02  0.1394450    
  5.0317537E-02  0.6179472    
  5.0415240E-02   1.507372    
  5.0512947E-02 -0.3228584    
  5.0610650E-02  -1.510905    
  5.0708354E-02 -0.2585809    
  5.0806057E-02 -0.4468273    
  5.0903760E-02  -1.539061    
  5.1001467E-02  3.6829710E-02
  5.1099170E-02   1.539333    
  5.1196873E-02  0.4056886    
  5.1294576E-02  0.2937653    
  5.1392280E-02   1.522521    
  5.1489986E-02  0.2505353    
  5.1587690E-02  -1.520144    
  5.1685393E-02 -0.5730300    
  5.1783096E-02 -0.1668301    
  5.1880803E-02  -1.460920    
  5.1978506E-02 -0.5288200    
  5.2076209E-02   1.451743    
  5.2173913E-02  0.7517185    
  5.2271616E-02  7.2664171E-02
  5.2369323E-02   1.359393    
  5.2467026E-02  0.7880182    
  5.2564729E-02  -1.334721    
  5.2662432E-02 -0.9321407    
  5.2760135E-02 -1.6171485E-02
  5.2857842E-02  -1.224788    
  5.2955545E-02  -1.018985    
  5.3053249E-02   1.171836    
  5.3150952E-02   1.104411    
  5.3248655E-02  2.8501451E-04
  5.3346362E-02   1.065342    
  5.3444065E-02   1.213847    
  5.3541768E-02 -0.9678987    
  5.3639472E-02  -1.258841    
  5.3737175E-02 -2.5827959E-02
  5.3834882E-02 -0.8902802    
  5.3932585E-02  -1.366357    
  5.4030288E-02  0.7295657    
  5.4127991E-02   1.386397    
  5.4225694E-02  9.1476224E-02
  5.4323401E-02  0.7093800    
  5.4421104E-02   1.472167    
  5.4518808E-02 -0.4650421    
  5.4616511E-02  -1.479135    
  5.4714218E-02 -0.1938197    
  5.4811921E-02 -0.5325052    
  5.4909624E-02  -1.529022    
  5.5007327E-02  0.1837125    
  5.5105031E-02   1.530581    
  5.5202737E-02  0.3275235    
  5.5300441E-02  0.3691387    
  5.5398144E-02   1.536845    
  5.5495847E-02  0.1042789    
  5.5593550E-02  -1.536041    
  5.5691257E-02 -0.4855803    
  5.5788960E-02 -0.2279342    
  5.5886663E-02  -1.497731    
  5.5984367E-02 -0.3884873    
  5.6082070E-02   1.492834    
  5.6179777E-02  0.6596399    
  5.6277480E-02  0.1163064    
  5.6375183E-02   1.415837    
  5.6472886E-02  0.6586388    
  5.6570590E-02  -1.400431    
  5.6668296E-02 -0.8404058    
  5.6766000E-02 -4.0081412E-02
  5.6863703E-02  -1.297172    
  5.6961406E-02 -0.9050943    
  5.7059109E-02   1.260489    
  5.7156816E-02   1.018073    
  5.7254519E-02  3.2224655E-03
  5.7352223E-02   1.149311    
  5.7449926E-02   1.119283    
  5.7547629E-02  -1.076793    
  5.7645336E-02  -1.182793    
  5.7743039E-02 -7.6405555E-03
  5.7840742E-02 -0.9810258    
  5.7938445E-02  -1.294088    
  5.8036152E-02  0.8550886    
  5.8133855E-02   1.325142    
  5.8231559E-02  5.3106889E-02
  5.8329262E-02  0.8018687    
  5.8426965E-02   1.424161    
  5.8524672E-02 -0.6028310    
  5.8622375E-02  -1.436570    
  5.8720078E-02 -0.1372628    
  5.8817782E-02 -0.6217189    
  5.8915485E-02  -1.506162    
  5.9013192E-02  0.3288532    
  5.9110895E-02   1.509806    
  5.9208598E-02  0.2557298    
  5.9306301E-02  0.4503110    
  5.9404004E-02   1.538896    
  5.9501711E-02 -4.2966604E-02
  5.9599414E-02  -1.539215    
  5.9697118E-02 -0.4023186    
  5.9794821E-02 -0.2967761    
  5.9892524E-02  -1.523357    
  5.9990231E-02 -0.2444792    
  6.0087934E-02   1.521062    
  6.0185637E-02  0.5693185    
  6.0283341E-02  0.1692101    
  6.0381044E-02   1.462668    
  6.0478751E-02  0.5230634    
  6.0576454E-02  -1.453711    
  6.0674157E-02 -0.7478639    
  6.0771860E-02 -7.4289322E-02
  6.0869563E-02  -1.361924    
  6.0967270E-02 -0.7827668    
  6.1064973E-02   1.337702    
  6.1162677E-02  0.9283520    
  6.1260380E-02  1.6957581E-02
  6.1358087E-02   1.227942    
  6.1455790E-02   1.014421    
  6.1553493E-02  -1.175749    
  6.1651196E-02  -1.100898    
  6.1748900E-02 -1.9074976E-04
  6.1846606E-02  -1.068931    
  6.1944310E-02  -1.210123    
  6.2042013E-02  0.9726223    
  6.2139716E-02   1.255804    
  6.2237419E-02  2.4858497E-02
  6.2335126E-02  0.8941007    
  6.2432829E-02   1.363586    
  6.2530532E-02 -0.7349409    
  6.2628239E-02  -1.384020    
  6.2725939E-02 -8.9681834E-02
  6.2823646E-02 -0.7132217    
  6.2921345E-02  -1.470422    
  6.3019052E-02  0.4708800    
  6.3116759E-02   1.477572    
  6.3214459E-02  0.1912935    
  6.3312165E-02  0.5361603    
  6.3409865E-02   1.528326    
  6.3507572E-02 -0.1898043    
  6.3605279E-02  -1.529953    
  6.3702978E-02 -0.3243975    
  6.3800685E-02 -0.3724125    
  6.3898385E-02  -1.537178    
  6.3996091E-02 -9.8153889E-02
  6.4093798E-02   1.536426    
  6.4191498E-02  0.4820192    
  6.4289205E-02  0.2306545    
  6.4386904E-02   1.499027    
  6.4484611E-02  0.3825512    
  6.4582318E-02  -1.494268    
  6.4680018E-02 -0.6558326    
  6.4777724E-02 -0.1183304    
  6.4875424E-02  -1.417986    
  6.4973131E-02 -0.6531051    
  6.5070838E-02   1.402902    
  6.5168537E-02  0.8365569    
  6.5266244E-02  4.1304052E-02
  6.5363944E-02   1.300030    
  6.5461650E-02  0.9001583    
  6.5559357E-02  -1.263939    
  6.5657057E-02  -1.014393    
  6.5754764E-02 -3.5798401E-03
  6.5852471E-02  -1.152702    
  6.5950170E-02  -1.115113    
  6.6047877E-02   1.081121    
  6.6145577E-02   1.179489    
  6.6243283E-02  7.1144104E-03
  6.6340990E-02  0.9847542    
  6.6438690E-02   1.290818    
  6.6536397E-02 -0.8601527    
  6.6634096E-02  -1.322407    
  6.6731803E-02 -5.1724717E-02
  6.6829510E-02 -0.8057258    
  6.6927209E-02  -1.421886    
  6.7024916E-02  0.6084579    
  6.7122616E-02   1.434573    
  6.7220323E-02  0.1350961    
  6.7318030E-02  0.6254945    
  6.7415729E-02   1.504930    
  6.7513436E-02 -0.3348427    
  6.7611136E-02  -1.508688    
  6.7708842E-02 -0.2528916    
  6.7806549E-02 -0.4538026    
  6.7904249E-02  -1.538710    
  6.8001956E-02  4.9102545E-02
  6.8099655E-02   1.539074    
  6.8197362E-02  0.3989574    
  6.8295069E-02  0.2997991    
  6.8392769E-02   1.524172    
  6.8490475E-02  0.2384188    
  6.8588175E-02  -1.521958    
  6.8685882E-02 -0.5656118    
  6.8783589E-02 -0.1716053    
  6.8881288E-02  -1.464397    
  6.8978995E-02 -0.5172985    
  6.9076695E-02   1.455656    
  6.9174401E-02  0.7440097    
  6.9272108E-02  7.5931787E-02
  6.9369808E-02   1.364440    
  6.9467515E-02  0.7775028    
  6.9565214E-02  -1.340662    
  6.9662921E-02 -0.9245595    
  6.9760628E-02 -1.7761946E-02
  6.9858328E-02  -1.231084    
  6.9956034E-02  -1.009841    
  7.0053734E-02   1.179644    
  7.0151441E-02   1.097377    
  7.0249148E-02  1.1548400E-04
  7.0346847E-02   1.072513    
  7.0444554E-02   1.206379    
  7.0542254E-02 -0.9773306    
  7.0639960E-02  -1.252756    
  7.0737667E-02 -2.3907349E-02
  7.0835367E-02 -0.8979188    
  7.0933074E-02  -1.360794    
  7.1030773E-02  0.7403038    
  7.1128480E-02   1.381626    
  7.1226187E-02  8.7904252E-02
  7.1323887E-02  0.7170653    
  7.1421593E-02   1.468653    
  7.1519293E-02 -0.4767105    
  7.1617000E-02  -1.475990    
  7.1714707E-02 -0.1887816    
  7.1812406E-02 -0.5398216    
  7.1910113E-02  -1.527609    
  7.2007820E-02  0.1958932    
  7.2105519E-02   1.529302    
  7.2203226E-02  0.3212832    
  7.2300926E-02  0.3756965    
  7.2398633E-02   1.537490    
  7.2496340E-02  9.2027128E-02
  7.2594039E-02  -1.536788    
  7.2691746E-02 -0.4784654    
  7.2789446E-02 -0.2333878    
  7.2887152E-02  -1.500303    
  7.2984859E-02 -0.3766085    
  7.3082559E-02   1.495679    
  7.3180266E-02  0.6520284    
  7.3277965E-02  0.1203704    
  7.3375672E-02   1.420119    
  7.3473379E-02  0.6475606    
  7.3571078E-02  -1.405350    
  7.3668785E-02 -0.8327068    
  7.3766485E-02 -4.2544454E-02
  7.3864192E-02  -1.302875    
  7.3961899E-02 -0.8952080    
  7.4059598E-02   1.267369    
  7.4157305E-02   1.010708    
  7.4255005E-02  3.9562285E-03
  7.4352711E-02   1.156084    
  7.4450418E-02   1.110926    
  7.4548118E-02  -1.085431    
  7.4645825E-02  -1.176175    
  7.4743524E-02 -6.6071600E-03
  7.4841231E-02 -0.9884775    
  7.4938938E-02  -1.287529    
  7.5036637E-02  0.8652031    
  7.5134344E-02   1.319658    
  7.5232044E-02  5.0360143E-02
  7.5329751E-02  0.8095829    
  7.5427458E-02   1.419589    
  7.5525157E-02 -0.6140747    
  7.5622864E-02  -1.432560    
  7.5720564E-02 -0.1329449    
  7.5818270E-02 -0.6292742    
  7.5915977E-02  -1.503676    
  7.6013677E-02  0.3408263    
  7.6111384E-02   1.507549    
  7.6209083E-02  0.2500661    
  7.6306790E-02  0.4573024    
  7.6404497E-02   1.538502    
  7.6502196E-02 -5.5237949E-02
  7.6599903E-02  -1.538913    
  7.6697603E-02 -0.3956058    
  7.6795310E-02 -0.3028337    
  7.6893017E-02  -1.524967    
  7.6990716E-02 -0.2323548    
  7.7088423E-02   1.522833    
  7.7186123E-02  0.5619107    
  7.7283829E-02  0.1740152    
  7.7381536E-02   1.466109    
  7.7479236E-02  0.5115248    
  7.7576943E-02  -1.457579    
  7.7674642E-02 -0.7401569    
  7.7772349E-02 -7.7591360E-02
  7.7870056E-02  -1.366941    
  7.7967755E-02 -0.7722259    
  7.8065462E-02   1.343601    
  7.8163169E-02  0.9207634    
  7.8260869E-02  1.8584669E-02
  7.8358576E-02   1.234215    
  7.8456275E-02   1.005245    
  7.8553982E-02  -1.183520    
  7.8651689E-02  -1.093848    
  7.8749388E-02 -5.8785081E-05
  7.8847095E-02  -1.076087    
  7.8944795E-02  -1.202617    
  7.9042502E-02  0.9820225    
  7.9140209E-02   1.249695    
  7.9237908E-02  2.2974387E-02
  7.9335615E-02  0.9017339    
  7.9433315E-02   1.357982    
  7.9531021E-02 -0.7456548    
  7.9628728E-02  -1.379217    
  7.9726428E-02 -8.6143233E-02
  7.9824135E-02 -0.7209102    
  7.9921834E-02  -1.466863    
  8.0019541E-02  0.4825328    
  8.0117248E-02   1.474389    
  8.0214947E-02  0.1862844    
  8.0312654E-02  0.5434886    
  8.0410354E-02   1.526868    
  8.0508061E-02 -0.2019786    
  8.0605768E-02  -1.528631    
  8.0703467E-02 -0.3181798    
  8.0801174E-02 -0.3789906    
  8.0898874E-02  -1.537781    
  8.0996580E-02 -8.5898697E-02
  8.1094287E-02   1.537129    
  8.1191987E-02  0.4749189    
  8.1289694E-02  0.2361347    
  8.1387393E-02   1.501560    
  8.1485100E-02  0.3706599    
  8.1582807E-02  -1.497068    
  8.1680506E-02 -0.6482275    
  8.1778213E-02 -0.1224263    
  8.1875913E-02  -1.422235    
  8.1973620E-02 -0.6420056    
  8.2071327E-02   1.407778    
  8.2169026E-02  0.8288553    
  8.2266733E-02  4.3802619E-02
  8.2364433E-02   1.305706    
  8.2462139E-02  0.8902431    
  8.2559846E-02  -1.270779    
  8.2657546E-02  -1.007016    
  8.2755253E-02 -4.3513179E-03
  8.2852952E-02  -1.159457    
  8.2950659E-02  -1.106721    
  8.3048366E-02   1.089724    
  8.3146065E-02   1.172851    
  8.3243772E-02  6.1186105E-03
  8.3341472E-02  0.9921958    
  8.3439179E-02   1.284220    
  8.3536886E-02 -0.8702394    
  8.3634585E-02  -1.316895    
  8.3732292E-02 -4.9013458E-02
  8.3829992E-02 -0.8134392    
  8.3927698E-02  -1.417270    
  8.4025405E-02  0.6196812    
  8.4123105E-02   1.430529    
  8.4220812E-02  0.1308095    
  8.4318511E-02  0.6330578    
  8.4416218E-02   1.502399    
  8.4513925E-02 -0.3468047    
  8.4611624E-02  -1.506391    
  8.4709331E-02 -0.2472540    
  8.4807038E-02 -0.4608101    
  8.4904738E-02  -1.538271    
  8.5002445E-02  6.1372101E-02
  8.5100144E-02   1.538729    
  8.5197851E-02  0.3922634    
  8.5295558E-02  0.3058798    
  8.5393257E-02   1.525742    
  8.5490964E-02  0.2262869    
  8.5588664E-02  -1.523685    
  8.5686371E-02 -0.5582152    
  8.5784078E-02 -0.1764397    
  8.5881777E-02  -1.467802    
  8.5979484E-02 -0.5057429    
  8.6077183E-02   1.459480    
  8.6174890E-02  0.7363050    
  8.6272597E-02  7.9268038E-02
  8.6370297E-02   1.369427    
  8.6468004E-02  0.7669366    
  8.6565703E-02  -1.346519    
  8.6663410E-02 -0.9169641    
  8.6761117E-02 -1.9425943E-02
  8.6858816E-02  -1.237334    
  8.6956523E-02  -1.000633    
  8.7054223E-02   1.187377    
  8.7151930E-02   1.090311    
  8.7249637E-02  2.1249056E-05
  8.7347336E-02   1.079654    
  8.7445043E-02   1.198836    
  8.7542742E-02 -0.9866991    
  8.7640449E-02  -1.246623    
  8.7738156E-02 -2.2059746E-02
  8.7835856E-02 -0.9055461    
  8.7933563E-02  -1.355148    
  8.8031262E-02  0.7509935    
  8.8128969E-02   1.376793    
  8.8226676E-02  8.4398970E-02
  8.8324375E-02  0.7247568    
  8.8422082E-02   1.465051    
  8.8519782E-02 -0.4883474    
  8.8617489E-02  -1.472770    
  8.8715196E-02 -0.1838012    
  8.8812895E-02 -0.5471617    
  8.8910602E-02  -1.526106    
  8.9008301E-02  0.2080610    
  8.9106008E-02   1.527940    
  8.9203715E-02  0.3150876    
  8.9301415E-02  0.3822943    
  8.9399122E-02   1.538050    
  8.9496821E-02  7.9769015E-02
  8.9594528E-02  -1.537448    
  8.9692235E-02 -0.4713801    
  8.9789934E-02 -0.2388948    
  8.9887641E-02  -1.502797    
  8.9985341E-02 -0.3647050    
  9.0083048E-02   1.498434    
  9.0180755E-02  0.6444296    
  9.0278454E-02  0.1244985    
  9.0376161E-02   1.424334    
  9.0473861E-02  0.6364400    
  9.0571567E-02  -1.410183    
  9.0669274E-02 -0.8250026    
  9.0766974E-02 -4.5078665E-02
  9.0864681E-02  -1.308524    
  9.0962388E-02 -0.8852637    
  9.1060087E-02   1.274170    
  9.1157794E-02   1.003319    
  9.1255493E-02  4.7648251E-03
  9.1353200E-02   1.162820    
  9.1450907E-02   1.102498    
  9.1548607E-02  -1.094000    
  9.1646314E-02  -1.169517    
  9.1744013E-02 -5.6486279E-03
  9.1841720E-02 -0.9959090    
  9.1939427E-02  -1.280890    
  9.2037126E-02  0.8752617    
  9.2134833E-02   1.314118    
  9.2232533E-02  4.7683984E-02
  9.2330240E-02  0.8172943    
  9.2427947E-02   1.414930    
  9.2525646E-02 -0.6252776    
  9.2623353E-02  -1.428481    
  9.2721052E-02 -0.1286902    
  9.2818759E-02 -0.6368446    
  9.2916466E-02  -1.501100    
  9.3014166E-02  0.3527771    
  9.3111873E-02   1.505212    
  9.3209572E-02  0.2444545    
  9.3307279E-02  0.4643261    
  9.3404986E-02   1.538019    
  9.3502685E-02 -6.7505598E-02
  9.3600392E-02  -1.538524    
  9.3698092E-02 -0.3889306    
  9.3795799E-02 -0.3089375    
  9.3893506E-02  -1.526495    
  9.3991205E-02 -0.2202153    
  9.4088912E-02   1.524514    
  9.4186611E-02  0.5545250    
  9.4284318E-02  0.1788791    
  9.4382025E-02   1.469476    
  9.4479725E-02  0.4999528    
  9.4577432E-02  -1.461359    
  9.4675131E-02 -0.7324544    
  9.4772838E-02 -8.0961317E-02
  9.4870545E-02  -1.371898    
  9.4968244E-02 -0.7616348    
  9.5065951E-02   1.349416    
  9.5163651E-02  0.9131611    
  9.5261358E-02  2.0285651E-02
  9.5359065E-02   1.240442    
  9.5456764E-02  0.9960043    
  9.5554471E-02  -1.191216    
  9.5652170E-02  -1.086767    
  9.5749877E-02 -2.4437904E-06
  9.5847584E-02  -1.083214    
  9.5945284E-02  -1.195035    
  9.6042991E-02  0.9913595    
  9.6140690E-02   1.243538    
  9.6238397E-02  2.1163762E-02
  9.6336104E-02  0.9093552    
  9.6433803E-02   1.352292    
  9.6531510E-02 -0.7563204    
  9.6629210E-02  -1.374353    
  9.6726917E-02 -8.2671642E-02
  9.6824624E-02 -0.7286050    
  9.6922323E-02  -1.463216    
  9.7020030E-02  0.4941539    
  9.7117737E-02   1.471133    
  9.7215436E-02  0.1813332    
  9.7313143E-02  0.5508403    
  9.7410843E-02   1.525321    
  9.7508550E-02 -0.2141398    
  9.7606257E-02  -1.527228    
  9.7703956E-02 -0.3120069    
  9.7801663E-02 -0.3856077    
  9.7899362E-02  -1.538298    
  9.7997069E-02 -7.3637962E-02
  9.8094776E-02   1.537744    
  9.8192476E-02  0.4678493    
  9.8290183E-02  0.2416680    
  9.8387882E-02   1.504015    
  9.8485589E-02  0.3587440    
  9.8583296E-02  -1.499778    
  9.8680995E-02 -0.6406357    
  9.8778702E-02 -0.1265866    
  9.8876402E-02  -1.426416    
  9.8974109E-02 -0.6308641    
  9.9071816E-02   1.412568    
  9.9169515E-02  0.8211490    
  9.9267222E-02  4.6372473E-02
  9.9364921E-02   1.311327    
  9.9462628E-02  0.8802699    
  9.9560335E-02  -1.277539    
  9.9658035E-02 -0.9996170    
  9.9755742E-02 -5.1974207E-03
  9.9853441E-02  -1.166173    
  9.9951148E-02  -1.098258    
  0.1000489       1.098258    
  0.1001466       1.166174    
  0.1002443      5.1974356E-03
  0.1003420      0.9996169    
  0.1004397       1.277540    
  0.1005374     -0.8802698    
  0.1006351      -1.311328    
  0.1007328     -4.6372473E-02
  0.1008305     -0.8211489    
  0.1009282      -1.412567    
  0.1010259      0.6308639    
  0.1011236       1.426416    
  0.1012213      0.1265862    
  0.1013190      0.6406355    
  0.1014167       1.499778    
  0.1015144     -0.3587439    
  0.1016121      -1.504015    
  0.1017098     -0.2416682    
  0.1018075     -0.4678493    
  0.1019052      -1.537744    
  0.1020029      7.3637754E-02
  0.1021006       1.538298    
  0.1021983      0.3856075    
  0.1022960      0.3120069    
  0.1023937       1.527228    
  0.1024915      0.2141399    
  0.1025892      -1.525321    
  0.1026869     -0.5508406    
  0.1027846     -0.1813330    
  0.1028823      -1.471133    
  0.1029800     -0.4941540    
  0.1030777       1.463216    
  0.1031754      0.7286048    
  0.1032731      8.2671762E-02
  0.1033708       1.374353    
  0.1034685      0.7563205    
  0.1035662      -1.352292    
  0.1036639     -0.9093552    
  0.1037616     -2.1163374E-02
  0.1038593      -1.243538    
  0.1039570     -0.9913597    
  0.1040547       1.195035    
  0.1041524       1.083214    
  0.1042501      2.4139881E-06
  0.1043478       1.086767    
  0.1044455       1.191216    
  0.1045432     -0.9960042    
  0.1046409      -1.240442    
  0.1047386     -2.0285517E-02
  0.1048363     -0.9131611    
  0.1049341      -1.349416    
  0.1050318      0.7616345    
  0.1051295       1.371898    
  0.1052272      8.0961287E-02
  0.1053249      0.7324541    
  0.1054226       1.461359    
  0.1055203     -0.4999524    
  0.1056180      -1.469476    
  0.1057157     -0.1788792    
  0.1058134     -0.5545251    
  0.1059111      -1.524514    
  0.1060088      0.2202151    
  0.1061065       1.526495    
  0.1062042      0.3089375    
  0.1063019      0.3889307    
  0.1063996       1.538524    
  0.1064973      6.7505836E-02
  0.1065950      -1.538018    
  0.1066927     -0.4643259    
  0.1067904     -0.2444544    
  0.1068881      -1.505213    
  0.1069858     -0.3527773    
  0.1070835       1.501100    
  0.1071812      0.6368448    
  0.1072789      0.1286901    
  0.1073766       1.428481    
  0.1074743      0.6252779    
  0.1075721      -1.414930    
  0.1076698     -0.8172943    
  0.1077675     -4.7684155E-02
  0.1078652      -1.314119    
  0.1079629     -0.8752619    
  0.1080606       1.280890    
  0.1081583      0.9959092    
  0.1082560      5.6486726E-03
  0.1083537       1.169517    
  0.1084514       1.094000    
  0.1085491      -1.102498    
  0.1086468      -1.162820    
  0.1087445     -4.7651827E-03
  0.1088422      -1.003319    
  0.1089399      -1.274169    
  0.1090376      0.8852636    
  0.1091353       1.308524    
  0.1092330      4.5078486E-02
  0.1093307      0.8250027    
  0.1094284       1.410184    
  0.1095261     -0.6364399    
  0.1096238      -1.424334    
  0.1097215     -0.1244987    
  0.1098192     -0.6444296    
  0.1099170      -1.498434    
  0.1100147      0.3647048    
  0.1101124       1.502797    
  0.1102101      0.2388948    
  0.1103078      0.4713804    
  0.1104055       1.537448    
  0.1105032     -7.9768777E-02
  0.1106009      -1.538050    
  0.1106986     -0.3822941    
  0.1107963     -0.3150876    
  0.1108940      -1.527940    
  0.1109917     -0.2080610    
  0.1110894       1.526106    
  0.1111871      0.5471619    
  0.1112848      0.1838016    
  0.1113825       1.472770    
  0.1114802      0.4883476    
  0.1115779      -1.465051    
  0.1116756     -0.7247568    
  0.1117733     -8.4398977E-02
  0.1118710      -1.376793    
  0.1119687     -0.7509937    
  0.1120664       1.355147    
  0.1121641      0.9055460    
  0.1122618      2.2059776E-02
  0.1123596       1.246623    
  0.1124573      0.9866992    
  0.1125550      -1.198835    
  0.1126527      -1.079655    
  0.1127504     -2.1174550E-05
  0.1128481      -1.090311    
  0.1129458      -1.187378    
  0.1130435       1.000633    
  0.1131412       1.237334    
  0.1132389      1.9425914E-02
  0.1133366      0.9169639    
  0.1134343       1.346519    
  0.1135320     -0.7669363    
  0.1136297      -1.369428    
  0.1137274     -7.9267830E-02
  0.1138251     -0.7363050    
  0.1139228      -1.459480    
  0.1140205      0.5057428    
  0.1141182       1.467802    
  0.1142159      0.1764399    
  0.1143136      0.5582152    
  0.1144113       1.523684    
  0.1145090     -0.2262866    
  0.1146067      -1.525742    
  0.1147044     -0.3058797    
  0.1148022     -0.3922634    
  0.1148999      -1.538729    
  0.1149976     -6.1372340E-02
  0.1150953       1.538271    
  0.1151930      0.4608102    
  0.1152907      0.2472539    
  0.1153884       1.506391    
  0.1154861      0.3468047    
  0.1155838      -1.502399    
  0.1156815     -0.6330577    
  0.1157792     -0.1308097    
  0.1158769      -1.430529    
  0.1159746     -0.6196814    
  0.1160723       1.417271    
  0.1161700      0.8134391    
  0.1162677      4.9013168E-02
  0.1163654       1.316895    
  0.1164631      0.8702396    
  0.1165608      -1.284220    
  0.1166585     -0.9921959    
  0.1167562     -6.1185956E-03
  0.1168539      -1.172851    
  0.1169516      -1.089724    
  0.1170493       1.106721    
  0.1171470       1.159457    
  0.1172448      4.3511391E-03
  0.1173424       1.007016    
  0.1174402       1.270780    
  0.1175379     -0.8902428    
  0.1176356      -1.305706    
  0.1177333     -4.3802679E-02
  0.1178310     -0.8288550    
  0.1179287      -1.407778    
  0.1180264      0.6420052    
  0.1181241       1.422235    
  0.1182218      0.1224265    
  0.1183195      0.6482274    
  0.1184172       1.497068    
  0.1185149     -0.3706596    
  0.1186126      -1.501560    
  0.1187103     -0.2361346    
  0.1188080     -0.4749191    
  0.1189057      -1.537129    
  0.1190034      8.5898548E-02
  0.1191011       1.537781    
  0.1191988      0.3789906    
  0.1192965      0.3181797    
  0.1193942       1.528631    
  0.1194919      0.2019788    
  0.1195896      -1.526868    
  0.1196873     -0.5434889    
  0.1197850     -0.1862843    
  0.1198828      -1.474389    
  0.1199805     -0.4825330    
  0.1200782       1.466863    
  0.1201759      0.7209102    
  0.1202736      8.6143278E-02
  0.1203713       1.379218    
  0.1204690      0.7456549    
  0.1205667      -1.357981    
  0.1206644     -0.9017340    
  0.1207621     -2.2974469E-02
  0.1208598      -1.249695    
  0.1209575     -0.9820226    
  0.1210552       1.202617    
  0.1211529       1.076088    
  0.1212506      5.9157610E-05
  0.1213483       1.093848    
  0.1214460       1.183520    
  0.1215437      -1.005245    
  0.1216414      -1.234215    
  0.1217391     -1.8584624E-02
  0.1218368     -0.9207633    
  0.1219345      -1.343601    
  0.1220322      0.7722258    
  0.1221299       1.366942    
  0.1222277      7.7591509E-02
  0.1223254      0.7401567    
  0.1224231       1.457579    
  0.1225208     -0.5115247    
  0.1226185      -1.466108    
  0.1227162     -0.1740152    
  0.1228139     -0.5619109    
  0.1229116      -1.522833    
  0.1230093      0.2323547    
  0.1231070       1.524967    
  0.1232047      0.3028337    
  0.1233024      0.3956057    
  0.1234001       1.538912    
  0.1234978      5.5238008E-02
  0.1235955      -1.538501    
  0.1236932     -0.4573026    
  0.1237909     -0.2500664    
  0.1238886      -1.507549    
  0.1239863     -0.3408265    
  0.1240840       1.503676    
  0.1241817      0.6292743    
  0.1242794      0.1329450    
  0.1243771       1.432560    
  0.1244748      0.6140747    
  0.1245725      -1.419589    
  0.1246703     -0.8095829    
  0.1247680     -5.0360151E-02
  0.1248657      -1.319658    
  0.1249634     -0.8652034    
  0.1250611       1.287529    
  0.1251588      0.9884777    
  0.1252565      6.6071898E-03
  0.1253542       1.176175    
  0.1254519       1.085431    
  0.1255496      -1.110926    
  0.1256473      -1.156084    
  0.1257450     -3.9562285E-03
  0.1258427      -1.010708    
  0.1259404      -1.267369    
  0.1260381      0.8952078    
  0.1261358       1.302875    
  0.1262335      4.2544276E-02
  0.1263312      0.8327067    
  0.1264289       1.405351    
  0.1265266     -0.6475605    
  0.1266243      -1.420119    
  0.1267220     -0.1203706    
  0.1268197     -0.6520283    
  0.1269174      -1.495679    
  0.1270151      0.3766083    
  0.1271129       1.500303    
  0.1272106      0.2333877    
  0.1273082      0.4784653    
  0.1274060       1.536789    
  0.1275037     -9.2026740E-02
  0.1276014      -1.537490    
  0.1276991     -0.3756966    
  0.1277968     -0.3212830    
  0.1278945      -1.529302    
  0.1279922     -0.1958933    
  0.1280899       1.527608    
  0.1281876      0.5398216    
  0.1282853      0.1887818    
  0.1283830       1.475990    
  0.1284807      0.4767105    
  0.1285784      -1.468653    
  0.1286761     -0.7170652    
  0.1287738     -8.7904081E-02
  0.1288715      -1.381626    
  0.1289692     -0.7403041    
  0.1290669       1.360794    
  0.1291646      0.8979188    
  0.1292623      2.3907334E-02
  0.1293600       1.252756    
  0.1294577      0.9773304    
  0.1295554      -1.206379    
  0.1296532      -1.072513    
  0.1297508     -1.1543930E-04
  0.1298486      -1.097377    
  0.1299463      -1.179644    
  0.1300440       1.009841    
  0.1301417       1.231084    
  0.1302394      1.7761976E-02
  0.1303371      0.9245591    
  0.1304348       1.340662    
  0.1305325     -0.7775024    
  0.1306302      -1.364439    
  0.1307279     -7.5932056E-02
  0.1308256     -0.7440097    
  0.1309233      -1.455656    
  0.1310210      0.5172982    
  0.1311187       1.464397    
  0.1312164      0.1716053    
  0.1313141      0.5656120    
  0.1314118       1.521959    
  0.1315095     -0.2384186    
  0.1316072      -1.524172    
  0.1317049     -0.2997992    
  0.1318026     -0.3989574    
  0.1319003      -1.539074    
  0.1319980     -4.9102902E-02
  0.1320958       1.538710    
  0.1321935      0.4538027    
  0.1322912      0.2528917    
  0.1323889       1.508687    
  0.1324866      0.3348427    
  0.1325843      -1.504930    
  0.1326820     -0.6254947    
  0.1327797     -0.1350962    
  0.1328774      -1.434574    
  0.1329751     -0.6084582    
  0.1330728       1.421886    
  0.1331705      0.8057261    
  0.1332682      5.1724814E-02
  0.1333659       1.322407    
  0.1334636      0.8601531    
  0.1335613      -1.290818    
  0.1336590     -0.9847541    
  0.1337567     -7.1147382E-03
  0.1338544      -1.179489    
  0.1339521      -1.081121    
  0.1340498       1.115113    
  0.1341475       1.152702    
  0.1342452      3.5798550E-03
  0.1343429       1.014393    
  0.1344406       1.263939    
  0.1345384     -0.9001583    
  0.1346361      -1.300030    
  0.1347338     -4.1304320E-02
  0.1348315     -0.8365568    
  0.1349292      -1.402901    
  0.1350269      0.6531049    
  0.1351246       1.417986    
  0.1352223      0.1183305    
  0.1353200      0.6558328    
  0.1354177       1.494268    
  0.1355154     -0.3825510    
  0.1356131      -1.499027    
  0.1357108     -0.2306543    
  0.1358085     -0.4820191    
  0.1359062      -1.536426    
  0.1360039      9.8153651E-02
  0.1361016       1.537178    
  0.1361993      0.3724128    
  0.1362970      0.3243979    
  0.1363947       1.529952    
  0.1364924      0.1898043    
  0.1365901      -1.528326    
  0.1366878     -0.5361606    
  0.1367855     -0.1912936    
  0.1368832      -1.477572    
  0.1369810     -0.4708799    
  0.1370787       1.470421    
  0.1371763      0.7132217    
  0.1372741      8.9681923E-02
  0.1373718       1.384019    
  0.1374695      0.7349412    
  0.1375672      -1.363586    
  0.1376649     -0.8941008    
  0.1377626     -2.4858601E-02
  0.1378603      -1.255804    
  0.1379580     -0.9726225    
  0.1380557       1.210123    
  0.1381534       1.068931    
  0.1382511      1.9088387E-04
  0.1383488       1.100898    
  0.1384465       1.175749    
  0.1385442      -1.014421    
  0.1386419      -1.227942    
  0.1387396     -1.6957343E-02
  0.1388373     -0.9283519    
  0.1389350      -1.337702    
  0.1390327      0.7827667    
  0.1391304       1.361924    
  0.1392281      7.4289590E-02
  0.1393258      0.7478638    
  0.1394235       1.453711    
  0.1395213     -0.5230633    
  0.1396189      -1.462668    
  0.1397167     -0.1692102    
  0.1398144     -0.5693184    
  0.1399121      -1.521062    
  0.1400098      0.2444789    
  0.1401075       1.523357    
  0.1402052      0.2967762    
  0.1403029      0.4023185    
  0.1404006       1.539214    
  0.1404983      4.2966664E-02
  0.1405960      -1.538896    
  0.1406937     -0.4503110    
  0.1407914     -0.2557299    
  0.1408891      -1.509806    
  0.1409868     -0.3288534    
  0.1410845       1.506163    
  0.1411822      0.6217188    
  0.1412799      0.1372627    
  0.1413776       1.436570    
  0.1414753      0.6028314    
  0.1415730      -1.424161    
  0.1416707     -0.8018687    
  0.1417684     -5.3106993E-02
  0.1418661      -1.325142    
  0.1419639     -0.8550885    
  0.1420615       1.294087    
  0.1421593      0.9810257    
  0.1422570      7.6404810E-03
  0.1423547       1.182793    
  0.1424524       1.076793    
  0.1425501      -1.119283    
  0.1426478      -1.149310    
  0.1427455     -3.2224059E-03
  0.1428432      -1.018073    
  0.1429409      -1.260489    
  0.1430386      0.9050940    
  0.1431363       1.297172    
  0.1432340      4.0081710E-02
  0.1433317      0.8404059    
  0.1434294       1.400431    
  0.1435271     -0.6586386    
  0.1436248      -1.415837    
  0.1437225     -0.1163063    
  0.1438202     -0.6596401    
  0.1439179      -1.492834    
  0.1440156      0.3884871    
  0.1441133       1.497731    
  0.1442110      0.2279343    
  0.1443087      0.4855801    
  0.1444065       1.536041    
  0.1445042     -0.1042787    
  0.1446019      -1.536844    
  0.1446996     -0.3691388    
  0.1447973     -0.3275234    
  0.1448950      -1.530581    
  0.1449927     -0.1837127    
  0.1450904       1.529022    
  0.1451881      0.5325054    
  0.1452858      0.1938197    
  0.1453835       1.479136    
  0.1454812      0.4650421    
  0.1455789      -1.472167    
  0.1456766     -0.7093801    
  0.1457743     -9.1476299E-02
  0.1458720      -1.386397    
  0.1459697     -0.7295660    
  0.1460674       1.366356    
  0.1461651      0.8902804    
  0.1462628      2.5828212E-02
  0.1463605       1.258841    
  0.1464582      0.9678985    
  0.1465559      -1.213847    
  0.1466536      -1.065342    
  0.1467513     -2.8498471E-04
  0.1468491      -1.104411    
  0.1469468      -1.171836    
  0.1470445       1.018985    
  0.1471422       1.224788    
  0.1472399      1.6171634E-02
  0.1473376      0.9321406    
  0.1474353       1.334721    
  0.1475330     -0.7880181    
  0.1476307      -1.359392    
  0.1477284     -7.2664142E-02
  0.1478261     -0.7517186    
  0.1479238      -1.451743    
  0.1480215      0.5288199    
  0.1481192       1.460920    
  0.1482169      0.1668299    
  0.1483146      0.5730300    
  0.1484123       1.520143    
  0.1485100     -0.2505351    
  0.1486077      -1.522521    
  0.1487054     -0.2937654    
  0.1488031     -0.4056890    
  0.1489008      -1.539333    
  0.1489985     -3.6829829E-02
  0.1490962       1.539061    
  0.1491939      0.4468275    
  0.1492916      0.2585808    
  0.1493894       1.510905    
  0.1494870      0.3228585    
  0.1495848      -1.507372    
  0.1496825     -0.6179472    
  0.1497802     -0.1394450    
  0.1498779      -1.438549    
  0.1499756     -0.5971950    
  0.1500733       1.426415    
  0.1501710      0.7980112    
  0.1502687      5.4506779E-02
  0.1503664       1.327863    
  0.1504641      0.8500103    
  0.1505618      -1.297336    
  0.1506595     -0.9772922    
  0.1507572     -8.1852078E-03
  0.1508549      -1.186087    
  0.1509526      -1.072448    
  0.1510503       1.123434    
  0.1511480       1.145910    
  0.1512457      2.8835237E-03
  0.1513434       1.021747    
  0.1514411       1.257019    
  0.1515388     -0.9100154    
  0.1516365      -1.294301    
  0.1517342     -3.8876981E-02
  0.1518320     -0.8442535    
  0.1519296      -1.397938    
  0.1520274      0.6641617    
  0.1521251       1.413670    
  0.1522228      0.1142986    
  0.1523205      0.6634505    
  0.1524182       1.491379    
  0.1525159     -0.3944170    
  0.1526136      -1.496416    
  0.1527113     -0.2252274    
  0.1528090     -0.4891485    
  0.1529067      -1.535634    
  0.1530044      0.1104022    
  0.1531021       1.536490    
  0.1531998      0.3658750    
  0.1532975      0.3306603    
  0.1533952       1.531189    
  0.1534929      0.1776178    
  0.1535906      -1.529695    
  0.1536883     -0.5288564    
  0.1537860     -0.1963599    
  0.1538837      -1.480680    
  0.1539814     -0.4591965    
  0.1540791       1.473890    
  0.1541768      0.7055404    
  0.1542746      9.3287416E-02
  0.1543722       1.388758    
  0.1544700      0.7241793    
  0.1545677      -1.369106    
  0.1546654     -0.8864568    
  0.1547631     -2.6815675E-02
  0.1548608      -1.261865    
  0.1549585     -0.9631593    
  0.1550562       1.217551    
  0.1551539       1.061745    
  0.1552516      3.9799511E-04
  0.1553493       1.107916    
  0.1554470       1.167903    
  0.1555447      -1.023532    
  0.1556424      -1.221622    
  0.1557401     -1.5404120E-02
  0.1558378     -0.9359260    
  0.1559355      -1.331720    
  0.1560332      0.7932565    
  0.1561309       1.356846    
  0.1562286      7.1055830E-02
  0.1563263      0.7555742    
  0.1564240       1.449753    
  0.1565217     -0.5345676    
  0.1566194      -1.459154    
  0.1567172     -0.1644646    
  0.1568149     -0.5767469    
  0.1569126      -1.519202    
  0.1570103      0.2565870    
  0.1571080       1.521665    
  0.1572057      0.2907662    
  0.1573034      0.4090683    
  0.1574011       1.539429    
  0.1574988      3.0692518E-02
  0.1575965      -1.539204    
  0.1576942     -0.4433522    
  0.1577919     -0.2614446    
  0.1578896      -1.511984    
  0.1579873     -0.3168585    
  0.1580850       1.508560    
  0.1581827      0.6141796    
  0.1582804      0.1416428    
  0.1583781       1.440510    
  0.1584758      0.5915487    
  0.1585735      -1.428646    
  0.1586712     -0.7941530    
  0.1587689     -5.5924237E-02
  0.1588666      -1.330570    
  0.1589643     -0.8449183    
  0.1590620       1.300565    
  0.1591597      0.9735538    
  0.1592575      8.7483302E-03
  0.1593551       1.189370    
  0.1594529       1.068086    
  0.1595506      -1.127568    
  0.1596483      -1.142501    
  0.1597460     -2.5637448E-03
  0.1598437      -1.025415    
  0.1599414      -1.253529    
  0.1600391      0.9149220    
  0.1601368       1.291416    
  0.1602345      3.7690341E-02
  0.1603322      0.8480996    
  0.1604299       1.395425    
  0.1605276     -0.6696739    
  0.1606253      -1.411487    
  0.1607230     -0.1123067    
  0.1608207     -0.6672637    
  0.1609184      -1.489900    
  0.1610161      0.4003405    
  0.1611138       1.495081    
  0.1612115      0.2225344    
  0.1613092      0.4927242    
  0.1614069       1.535205    
  0.1615046     -0.1165239    
  0.1616023      -1.536114    
  0.1617001     -0.3626214    
  0.1617977     -0.3338081    
  0.1618955      -1.531777    
  0.1619932     -0.1715196    
  0.1620909       1.530346    
  0.1621886      0.5252136    
  0.1622863      0.1989146    
  0.1623840       1.482205    
  0.1624817      0.4533433    
  0.1625794      -1.475592    
  0.1626771     -0.7017026    
  0.1627748     -9.5115155E-02
  0.1628725      -1.391104    
  0.1629702     -0.7187803    
  0.1630679       1.371834    
  0.1631656      0.8826315    
  0.1632633      2.7821667E-02
  0.1633610       1.264876    
  0.1634587      0.9584042    
  0.1635564      -1.221237    
  0.1636541      -1.058143    
  0.1637518     -5.2987039E-04
  0.1638495      -1.111413    
  0.1639472      -1.163953    
  0.1640449       1.028062    
  0.1641427       1.218447    
  0.1642403      1.4655054E-02
  0.1643381      0.9397075    
  0.1644358       1.328697    
  0.1645335     -0.7984823    
  0.1646312      -1.354284    
  0.1647289     -6.9464833E-02
  0.1648266     -0.7594303    
  0.1649243      -1.447742    
  0.1650220      0.5403067    
  0.1651197       1.457370    
  0.1652174      0.1621141    
  0.1653151      0.5804688    
  0.1654128       1.518239    
  0.1655105     -0.2626347    
  0.1656082      -1.520788    
  0.1657059     -0.2877792    
  0.1658036     -0.4124570    
  0.1659013      -1.539505    
  0.1659990     -2.4554610E-02
  0.1660967       1.539325    
  0.1661944      0.4398849    
  0.1662921      0.2643209    
  0.1663898       1.513043    
  0.1664875      0.3108531    
  0.1665853      -1.509725    
  0.1666829     -0.6104159    
  0.1667807     -0.1438561    
  0.1668784      -1.442454    
  0.1669761     -0.5858923    
  0.1670738       1.430856    
  0.1671715      0.7902948    
  0.1672692      5.7358935E-02
  0.1673669       1.333263    
  0.1674646      0.8398126    
  0.1675623      -1.303773    
  0.1676600     -0.9698108    
  0.1677577     -9.3303770E-03
  0.1678554      -1.192643    
  0.1679531      -1.063706    
  0.1680508       1.131683    
  0.1681485       1.139081    
  0.1682462      2.2624284E-03
  0.1683439       1.029077    
  0.1684416       1.250020    
  0.1685393     -0.9198134    
  0.1686370      -1.288519    
  0.1687347     -3.6521614E-02
  0.1688324     -0.8519441    
  0.1689301      -1.392889    
  0.1690279      0.6751751    
  0.1691256       1.409288    
  0.1692232      0.1103312    
  0.1693210      0.6710801    
  0.1694187       1.488399    
  0.1695164     -0.4062569    
  0.1696141      -1.493727    
  0.1697118     -0.2198548    
  0.1698095     -0.4963067    
  0.1699072      -1.534754    
  0.1700049      0.1226434    
  0.1701026       1.535717    
  0.1702003      0.3593780    
  0.1702980      0.3369670    
  0.1703957       1.532343    
  0.1704934      0.1654191    
  0.1705911      -1.530975    
  0.1706888     -0.5215773    
  0.1707865     -0.2014832    
  0.1708842      -1.483712    
  0.1709819     -0.4474828    
  0.1710796       1.477271    
  0.1711773      0.6978667    
  0.1712750      9.6959613E-02
  0.1713727       1.393433    
  0.1714704      0.7133698    
  0.1715682      -1.374540    
  0.1716658     -0.8788027    
  0.1717636     -2.8845653E-02
  0.1718613      -1.267876    
  0.1719590     -0.9536339    
  0.1720567       1.224903    
  0.1721544       1.054533    
  0.1722521      6.8068504E-04
  0.1723498       1.114901    
  0.1724475       1.159983    
  0.1725452      -1.032577    
  0.1726429      -1.215259    
  0.1727406     -1.3924509E-02
  0.1728383     -0.9434850    
  0.1729360      -1.325653    
  0.1730337      0.8036948    
  0.1731314       1.351708    
  0.1732291      6.7891032E-02
  0.1733268      0.7632872    
  0.1734245       1.445708    
  0.1735222     -0.5460370    
  0.1736199      -1.455568    
  0.1737176     -0.1597789    
  0.1738153     -0.5841959    
  0.1739130      -1.517253    
  0.1740108      0.2686782    
  0.1741084       1.519891    
  0.1742062      0.2848042    
  0.1743039      0.4158547    
  0.1744016       1.539559    
  0.1744993      1.8416226E-02
  0.1745970      -1.539423    
  0.1746947     -0.4364263    
  0.1747924     -0.2672100    
  0.1748901      -1.514081    
  0.1749878     -0.3048429    
  0.1750855       1.510867    
  0.1751832      0.6066568    
  0.1752809      0.1460848    
  0.1753786       1.444381    
  0.1754763      0.5802269    
  0.1755740      -1.433043    
  0.1756717     -0.7864364    
  0.1757694     -5.8811396E-02
  0.1758671      -1.335941    
  0.1759648     -0.8346930    
  0.1760625       1.306960    
  0.1761602      0.9660634    
  0.1762579      9.9308863E-03
  0.1763556       1.195906    
  0.1764534       1.059310    
  0.1765510      -1.135781    
  0.1766488      -1.135654    
  0.1767465     -1.9800961E-03
  0.1768442      -1.032733    
  0.1769419      -1.246491    
  0.1770396      0.9246902    
  0.1771373       1.285609    
  0.1772350      3.5370827E-02
  0.1773327      0.8557868    
  0.1774304       1.390332    
  0.1775281     -0.6806653    
  0.1776258      -1.407072    
  0.1777235     -0.1083719    
  0.1778212     -0.6748992    
  0.1779189      -1.486877    
  0.1780166      0.4121673    
  0.1781143       1.492354    
  0.1782120      0.2171887    
  0.1783097      0.4998965    
  0.1784074       1.534281    
  0.1785051     -0.1287612    
  0.1786028      -1.535298    
  0.1787005     -0.3561448    
  0.1787982     -0.3401365    
  0.1788960      -1.532888    
  0.1789936     -0.1593155    
  0.1790913       1.531581    
  0.1791891      0.5179471    
  0.1792868      0.2040660    
  0.1793845       1.485200    
  0.1794822      0.4416146    
  0.1795799      -1.478927    
  0.1796776     -0.6940328    
  0.1797753     -9.8820396E-02
  0.1798730      -1.395747    
  0.1799707     -0.7079477    
  0.1800684       1.377226    
  0.1801661      0.8749719    
  0.1802638      2.9888041E-02
  0.1803615       1.270863    
  0.1804592      0.9488480    
  0.1805569      -1.228550    
  0.1806546      -1.050915    
  0.1807523     -8.5018575E-04
  0.1808500      -1.118381    
  0.1809477      -1.155996    
  0.1810454       1.037074    
  0.1811431       1.212061    
  0.1812408      1.3212472E-02
  0.1813385      0.9472587    
  0.1814363       1.322589    
  0.1815339     -0.8088945    
  0.1816317      -1.349117    
  0.1817294     -6.6334575E-02
  0.1818271     -0.7671447    
  0.1819248      -1.443652    
  0.1820225      0.5517581    
  0.1821202       1.453748    
  0.1822179      0.1574585    
  0.1823156      0.5879275    
  0.1824133       1.516244    
  0.1825110     -0.2747173    
  0.1826087      -1.518973    
  0.1827064     -0.2818411    
  0.1828041     -0.4192615    
  0.1829018      -1.539591    
  0.1829995     -1.2277782E-02
  0.1830972       1.539500    
  0.1831949      0.4329761    
  0.1832926      0.2701114    
  0.1833903       1.515100    
  0.1834880      0.2988276    
  0.1835857      -1.511987    
  0.1836834     -0.6029018    
  0.1837811     -0.1483291    
  0.1838789      -1.446290    
  0.1839765     -0.5745518    
  0.1840743       1.435209    
  0.1841720      0.7825774    
  0.1842697      6.0281157E-02
  0.1843674       1.338605    
  0.1844651      0.8295604    
  0.1845628      -1.310127    
  0.1846605     -0.9623113    
  0.1847582     -1.0550164E-02
  0.1848559      -1.199158    
  0.1849536      -1.054896    
  0.1850513       1.139861    
  0.1851490       1.132216    
  0.1852467      1.7164648E-03
  0.1853444       1.036382    
  0.1854421       1.242942    
  0.1855398     -0.9295520    
  0.1856375      -1.282685    
  0.1857352     -3.4238398E-02
  0.1858329     -0.8596278    
  0.1859306      -1.387754    
  0.1860283      0.6861445    
  0.1861260       1.404839    
  0.1862237      0.1064289    
  0.1863215      0.6787211    
  0.1864191       1.485332    
  0.1865169     -0.4180707    
  0.1866146      -1.490962    
  0.1867123     -0.2145367    
  0.1868100     -0.5034931    
  0.1869077      -1.533785    
  0.1870054      0.1348768    
  0.1871031       1.534858    
  0.1872008      0.3529221    
  0.1872985      0.3433170    
  0.1873962       1.533412    
  0.1874939      0.1532097    
  0.1875916      -1.532166    
  0.1876893     -0.5143237    
  0.1877870     -0.2066628    
  0.1878847      -1.486669    
  0.1879824     -0.4357392    
  0.1880801       1.480562    
  0.1881778      0.6902015    
  0.1882755      0.1006979    
  0.1883732       1.398045    
  0.1884709      0.7025137    
  0.1885686      -1.379890    
  0.1886663     -0.8711393    
  0.1887641     -3.0948400E-02
  0.1888617      -1.273837    
  0.1889594     -0.9440469    
  0.1890572       1.232177    
  0.1891549       1.047292    
  0.1892526      1.0384619E-03
  0.1893503       1.121853    
  0.1894480       1.151989    
  0.1895457      -1.041555    
  0.1896434      -1.208851    
  0.1897411     -1.2518972E-02
  0.1898388     -0.9510280    
  0.1899365      -1.319505    
  0.1900342      0.8140808    
  0.1901319       1.346511    
  0.1902296      6.4795017E-02
  0.1903273      0.7710027    
  0.1904250       1.441575    
  0.1905227     -0.5574704    
  0.1906204      -1.451910    
  0.1907181     -0.1551533    
  0.1908158     -0.5916641    
  0.1909135      -1.515214    
  0.1910112      0.2807519    
  0.1911089       1.518035    
  0.1912066      0.2788901    
  0.1913043      0.4226769    
  0.1914020       1.539601    
  0.1914998      6.1390400E-03
  0.1915975      -1.539555    
  0.1916952     -0.4295342    
  0.1917929     -0.2730254    
  0.1918906      -1.516099    
  0.1919883     -0.2928069    
  0.1920860       1.513085    
  0.1921837      0.5991514    
  0.1922814      0.1505885    
  0.1923791       1.448181    
  0.1924768      0.5688674    
  0.1925745      -1.437353    
  0.1926722     -0.7787189    
  0.1927699     -6.1768465E-02
  0.1928676      -1.341255    
  0.1929653     -0.8244138    
  0.1930630       1.313274    
  0.1931607      0.9585539    
  0.1932584      1.1187918E-02
  0.1933561       1.202400    
  0.1934538       1.050466    
  0.1935515      -1.143922    
  0.1936492      -1.128771    
  0.1937469     -1.4716089E-03
  0.1938446      -1.040025    
  0.1939424      -1.239373    
  0.1940401      0.9343987    
  0.1941378       1.279748    
  0.1942355      3.3123583E-02
  0.1943332      0.8634670    
  0.1944309       1.385154    
  0.1945286     -0.6916120    
  0.1946263      -1.402591    
  0.1947240     -0.1045023    
  0.1948217     -0.6825453    
  0.1949194      -1.483764    
  0.1950171      0.4239671    
  0.1951148       1.489550    
  0.1952125      0.2118983    
  0.1953102      0.5070966    
  0.1954079       1.533268    
  0.1955056     -0.1409901    
  0.1956033      -1.534398    
  0.1957010     -0.3497097    
  0.1957987     -0.3465081    
  0.1958964      -1.533916    
  0.1959941     -0.1471013    
  0.1960918       1.532728    
  0.1961896      0.5107070    
  0.1962872      0.2092736    
  0.1963850       1.488119    
  0.1964827      0.4298567    
  0.1965804      -1.482174    
  0.1966781     -0.6863720    
  0.1967758     -0.1025917    
  0.1968735      -1.400326    
  0.1969712     -0.6970690    
  0.1970689       1.382533    
  0.1971666      0.8673044    
  0.1972643      3.2027051E-02
  0.1973620       1.276799    
  0.1974597      0.9392301    
  0.1975574      -1.235785    
  0.1976551      -1.043662    
  0.1977528     -1.2457073E-03
  0.1978505      -1.125316    
  0.1979482      -1.147964    
  0.1980459       1.046019    
  0.1981436       1.205631    
  0.1982413      1.1844248E-02
  0.1983390      0.9547932    
  0.1984367       1.316400    
  0.1985344     -0.8192540    
  0.1986322      -1.343890    
  0.1987298     -6.3273251E-02
  0.1988275     -0.7748610    
  0.1989253      -1.439474    
  0.1990230      0.5631735    
  0.1991207       1.450054    
  0.1992184      0.1528633    
  0.1993161      0.5954055    
  0.1994138       1.514160    
  0.1995115     -0.2867819    
  0.1996092      -1.517077    
  0.1997069     -0.2759517    
  0.1998046     -0.4261014    
  0.1999023      -1.539589    
  0.2000000     -1.7881393E-07
